n,eta,sigma_y,width,height,x_01,x_02,x_03,x_04,x_05,x_06,x_07,x_08,cluster_id,cluster_conf
0.9685011821419058,177.03086803622236,226.2630789733246,7.0,3.4,0.29448438,0.47607994,0.6875138,0.8878641,1.0832233,1.2688823,1.4462023,1.6150331,59,0.9999638030511658
0.8868088251077029,166.1949870717516,117.88018611008567,6.9,3.6,0.35550523,0.6599939,0.96192336,1.2474291,1.5138738,1.762243,1.9919784,2.2042997,59,0.8199031065435138
0.954881710649353,120.5918234254603,154.21288273263238,5.7,2.3,0.25124168,0.48103786,0.71169186,0.93045807,1.1362624,1.3288865,1.5065925,1.6708276,59,1.0
0.927978090589124,172.73594018560468,52.28959052742725,6.3,3.4,0.34130383,0.6087456,0.8914108,1.156075,1.4052877,1.6380153,1.8544717,2.0554729,59,0.9997662444584391
0.5673753501032734,287.6208453941545,79.68829102809298,6.2,2.2,0.23154354,0.44203973,0.6418414,0.83200717,1.0118556,1.1807792,1.3374724,1.4836433,59,0.9999999998198792
0.8362775564244436,192.68165833106008,214.4354092542376,6.8,3.4,0.31161737,0.5386908,0.7720423,0.9960227,1.2079439,1.4081898,1.5961156,1.7725534,59,0.9593715882858229
0.8286487675229983,260.97336206973307,23.91527635549391,6.0,2.8,0.25309706,0.41660953,0.6109972,0.79031897,0.9647949,1.1325457,1.2924376,1.4449015,59,0.7071370315008099
0.8645146667321859,211.46455367442252,75.11588898715749,6.2,2.9,0.27828407,0.47633576,0.6975193,0.9047046,1.1032529,1.2924318,1.4706426,1.6388893,59,0.9999999853898451
0.8983932367313261,189.7974470621349,227.70404190977,6.2,2.8,0.2434504,0.39773226,0.57701397,0.7436664,0.905005,1.0600352,1.2074716,1.348288,59,0.999890952598626
0.6047681791799326,292.72335480319106,187.63808814365532,6.9,2.7,0.24754095,0.43467903,0.6171062,0.7938969,0.96168995,1.1214402,1.2727635,1.4156768,59,0.9985397119534853
0.8504227958333219,199.8254325950038,97.08455151081468,5.4,2.7,0.26471758,0.45819187,0.66592574,0.8592899,1.043855,1.2182786,1.3815267,1.5347493,59,0.9999999583259731
0.9873509792609818,166.89510572780728,125.69122727241616,4.2,2.2,0.19279528,0.3284359,0.4743421,0.61611056,0.74998283,0.8782234,0.99997187,1.1152041,59,0.9991570949825831
0.6847120976094041,220.75348325762343,52.726666185050064,6.8,2.2,0.24932742,0.49503064,0.7348199,0.96575284,1.1842234,1.3889658,1.5783501,1.7537663,59,0.9999999999929559
0.942749956529382,158.58579514458313,62.235542223379525,5.8,2.9,0.30497646,0.5498593,0.8090775,1.0506377,1.2785053,1.4916177,1.6893144,1.8730879,59,0.9999999894571729
0.8464935836277216,157.62682414277018,39.57832736813365,6.5,2.2,0.26020694,0.51655245,0.77302647,1.0187602,1.2512691,1.4683945,1.669487,1.8544855,59,0.9999999998303264
0.7209927178109854,205.8876318202637,300.5586800979725,7.0,2.8,0.253711,0.44802618,0.63696384,0.82008624,0.9937463,1.1584766,1.3140082,1.4605589,59,0.9996606437448246
0.8772481644304873,161.19500201753107,277.7062915551114,6.5,3.0,0.27674937,0.4799819,0.6902983,0.89101434,1.0812845,1.2613735,1.430695,1.5897036,59,0.9999979726077423
0.7952817730014943,214.9214381104429,101.30257291424428,6.1,3.1,0.30549574,0.5386193,0.7805085,1.007905,1.2228813,1.4245148,1.6125932,1.7885633,59,0.6052709632135885
0.9981105707980976,177.93416822546925,43.63784997273372,6.9,4.7,0.38366365,0.65669537,0.97364044,1.2596254,1.5302587,1.7848825,2.0244336,2.2493668,59,0.9996960136743644
0.621192155860446,299.60312622816105,0.7551178708914197,5.2,2.3,0.23302627,0.42086554,0.6084857,0.7851145,0.9522567,1.1098604,1.2568858,1.3943212,59,0.999410470139169
0.622776851512415,296.9200076204364,23.8252921348912,6.4,2.4,0.24455428,0.45373893,0.6626344,0.8616986,1.0510905,1.2309937,1.399147,1.5567906,59,0.9999999998433466
0.936574186395901,230.6223309402854,67.86953616218013,5.5,3.0,0.25854278,0.40351987,0.5888035,0.7569084,0.92166805,1.0811958,1.2329478,1.3780518,59,0.840510937721043
0.9427595162173537,160.04806481746536,349.48333625667675,6.3,2.7,0.22539282,0.3595965,0.5167017,0.6628778,0.80501556,0.9414854,1.0719483,1.196557,59,0.6988582165538797
0.9489671646556712,225.0544475727505,61.86391686853212,5.2,3.1,0.26982236,0.41757345,0.60587,0.77713585,0.94448805,1.105928,1.2587395,1.4044971,59,0.9617190166923897
0.7679926201147687,261.7659044990064,143.09689779894984,5.6,2.6,0.22293997,0.3611207,0.5209024,0.6668556,0.8101258,0.9480841,1.0798602,1.2062037,59,0.9163058111976282
0.8178218716887784,185.03000287637417,136.60335032635845,5.2,2.3,0.22646236,0.40736365,0.5919554,0.76707554,0.93296957,1.089577,1.2364163,1.3739464,59,0.9999999973245082
0.6204808369581543,273.2718345034548,60.48653606796663,6.2,2.4,0.25220203,0.47633123,0.69379616,0.90015435,1.0945132,1.2770679,1.446316,1.6035459,59,0.999999998606647
0.8492805587912342,222.32667947194167,83.09333701849764,6.9,3.1,0.29082298,0.4981482,0.72601676,0.94352007,1.153367,1.3533945,1.5430222,1.722847,59,0.9999248131920712
0.9099805910781302,184.23360532619068,282.25830611773915,6.4,2.9,0.24674058,0.39364982,0.56600285,0.728379,0.8852453,1.0356855,1.1790676,1.316277,59,0.9919600966304765
0.8715671924802713,249.5631626666184,72.66603221047009,5.4,2.9,0.2525258,0.39700198,0.5760746,0.73859406,0.8981843,1.0520656,1.1981125,1.3375244,59,0.9930845278029273
0.9400145628784192,175.29994632292502,259.58263650430075,6.3,3.4,0.29455018,0.4693153,0.67138004,0.86282444,1.0462003,1.219265,1.3835201,1.5393052,59,0.9662036163992271
0.7485122416971492,206.6695092268899,140.58317206236578,6.0,2.4,0.24248171,0.44567657,0.65043736,0.84383655,1.0277345,1.2015734,1.364006,1.515445,59,0.9999999999638725
0.7323167922881756,218.7005115456413,2.446347220489997,5.8,2.0,0.22368956,0.43045998,0.638762,0.83905053,1.0302784,1.2109432,1.3797655,1.5371609,59,0.9998148483731742
0.9600977546874128,124.1927293312164,104.54604972093532,7.0,3.0,0.33584332,0.6595001,0.97799563,1.2799973,1.5613637,1.8219404,2.0602465,2.278236,59,0.9999999981549146
0.814334629000355,180.37888698431684,122.44900551371454,5.9,2.4,0.25048018,0.46619987,0.685061,0.8921554,1.0878985,1.2729447,1.4450791,1.6053355,59,0.9999999999979359
0.9719500820677304,126.08604685207074,65.19268872235418,6.6,2.8,0.32101107,0.62444353,0.9285655,1.2155738,1.4835606,1.7321153,1.9602423,2.169539,59,0.9999999999999947
0.9329438998184943,234.68973056886625,11.478221851819992,6.0,3.5,0.30993629,0.48525143,0.7117574,0.9183247,1.119168,1.309767,1.4910848,1.663985,59,0.9999167872261513
0.7332330154422364,255.58331151346863,7.964795142037895,6.8,2.5,0.2565179,0.4706576,0.6935618,0.90728927,1.1121266,1.307884,1.4924588,1.6658349,59,0.9286004284761632
0.7840894680048731,296.2556850924238,20.881554437836947,5.5,2.7,0.23658657,0.3792634,0.55006146,0.70659137,0.859586,1.0079215,1.1491041,1.2840049,59,0.8978729030449601
0.7676721926155671,183.99749011996067,243.81994699573028,7.0,2.6,0.25248814,0.4659531,0.6766484,0.8798394,1.0734756,1.2572033,1.4300139,1.5920231,59,0.9999999993339301
0.8517940181010346,189.56149782399947,39.82890123321883,6.6,2.8,0.29460526,0.54552746,0.80504227,1.0514791,1.2848749,1.504662,1.7096682,1.9007344,59,0.9999999999949392
0.7981875444118796,172.37008074110153,290.6932977631269,6.2,2.5,0.23602176,0.41630864,0.59914875,0.7712455,0.9353657,1.0910871,1.2376351,1.3748116,59,0.9999985935127619
0.8300975987183861,209.97973574768992,113.58591022300207,4.6,2.1,0.18677735,0.32119632,0.46413445,0.6030381,0.73479176,0.8611388,0.98193526,1.096648,59,0.7143687074991825
0.8703190102858942,231.44210197195724,19.78419191808976,6.9,4.0,0.35336113,0.5962982,0.87316465,1.1304836,1.3762279,1.6081634,1.8273802,2.0332894,59,0.9999989229274259
0.728181693782654,218.71921303283293,108.21728742921022,4.3,2.0,0.1959765,0.34180236,0.49251318,0.6345718,0.7686727,0.89493585,1.0132089,1.1248851,59,0.971777597077945
0.9413007445382324,164.12031333538874,185.42592715646447,5.2,2.7,0.25225496,0.42406416,0.61232734,0.7873614,0.9548924,1.1135967,1.2626014,1.4027269,59,0.9996437582911727
0.9138820908989154,175.94955483577073,177.94963603383053,6.8,3.0,0.2785976,0.4812374,0.701674,0.91232276,1.1148539,1.3078208,1.4903951,1.6631346,59,0.9999956063606146
0.848831225949267,197.1373846755284,92.95864847579804,6.3,2.7,0.26936293,0.4794464,0.703861,0.9155772,1.1180193,1.3099072,1.4902818,1.6601436,59,0.9999999992243396
0.6263975401529299,264.31935343023514,10.869141153962625,6.4,2.2,0.24602985,0.48151565,0.710232,0.92857504,1.1349974,1.3281779,1.50684,1.6723943,59,0.9999999999999893
0.9631209399200664,211.6853756537069,4.913904076564046,6.4,3.3,0.3046522,0.4961319,0.7311194,0.94815373,1.1587493,1.3593676,1.5493033,1.730614,59,0.9998808829792507
0.8578907359418719,234.84971741088,61.04629733427673,6.2,3.0,0.27398157,0.45239043,0.66219115,0.8576865,1.0462537,1.2269096,1.3985448,1.5616417,59,0.9999442576330054
0.9574682346307776,140.66798503741313,341.0643618135381,6.2,3.0,0.2641933,0.4362316,0.62478185,0.80237126,0.9716821,1.1319647,1.2836404,1.4268794,59,0.6805727730941773
0.952971344070546,130.3639148510503,334.3650994919015,6.7,3.1,0.2865975,0.49960375,0.7171004,0.92618036,1.1238055,1.3104653,1.4854903,1.6498833,59,0.9997889950339856
0.8485286101793736,243.7096984501117,54.38756174871497,6.3,3.2,0.29333878,0.47936893,0.6968868,0.9007702,1.0969605,1.2836485,1.4609346,1.6292377,59,0.9999954703949838
0.7158023046110842,174.37102145200924,235.8392620238697,6.5,2.0,0.20699954,0.39813828,0.58301497,0.7618344,0.9324255,1.0946531,1.2461362,1.3881958,59,0.999999203384687
0.9614548772567768,137.27006499481567,69.80592887031278,5.1,2.6,0.28633714,0.52970505,0.7787399,1.0112255,1.228555,1.4302466,1.6163561,1.7881215,59,0.9988474671159111
0.8806956023481585,227.20550535289505,151.91157776894514,6.6,3.6,0.30683017,0.48305726,0.6954577,0.89485526,1.0881131,1.2712996,1.4459407,1.612395,59,0.9863968841935797
0.9589842018587776,88.28848350701418,172.03470364767895,6.7,2.0,0.25782847,0.5395291,0.8156669,1.0800562,1.3268194,1.5540416,1.7600422,1.946732,59,1.0
0.7548414553020952,196.5999524064336,127.04854940004546,5.9,2.5,0.2669692,0.49953675,0.7291384,0.9448142,1.1478229,1.3372967,1.5121646,1.6740699,59,0.9999696829200868
0.8630814228063548,173.5119711879885,7.557392714587374,4.7,2.3,0.2523806,0.46840024,0.68755555,0.8939724,1.0864298,1.266412,1.4324062,1.5863888,59,0.9999999246434179
0.8731174185037451,215.66704708188487,112.20788164868463,6.8,3.9,0.3407638,0.56799054,0.8239043,1.0642974,1.2931073,1.5090063,1.7128966,1.905122,59,0.9999928143431582
0.7743279545689883,186.25968697686943,347.70702874610896,6.9,2.7,0.23767304,0.40647388,0.5766387,0.7410939,0.8981495,1.0477767,1.1900561,1.3246572,59,0.9367274367000236
0.9342938413714548,184.31279444967825,94.7079675721917,6.8,4.0,0.35652828,0.6131358,0.89706755,1.1620302,1.4134026,1.6498637,1.8719234,2.0798163,59,0.9999999717573904
0.9131167410042133,201.7306708419813,40.25954526403872,6.1,3.0,0.2879665,0.49058223,0.7220266,0.9379871,1.1453395,1.3425331,1.5288444,1.7046037,59,0.9999999761230519
0.9609398876740456,223.59267156721336,83.11626007604995,6.6,3.9,0.32576728,0.49873614,0.7307937,0.94185424,1.1485598,1.3440111,1.5311286,1.7093832,59,0.9994891701989684
0.9361489581988134,109.84463199574331,132.65978783342712,6.9,2.2,0.26732635,0.5446348,0.81885314,1.081883,1.3292603,1.5587506,1.7692931,1.9614844,59,0.9999999999998197
0.8088680745804628,235.65552525954072,92.63464893630648,6.3,3.4,0.31454444,0.5289643,0.76290846,0.9836507,1.1935215,1.391326,1.5773635,1.7524648,59,0.9884029647818993
0.6786019033403735,268.98114593204645,156.20018577430136,5.7,2.2,0.19287157,0.32970762,0.47345257,0.6099191,0.74153495,0.8684075,0.9896307,1.1055143,59,0.760691025376221
0.686449878246261,288.5715782051063,11.386608521296491,4.4,2.3,0.21312428,0.3624754,0.52087283,0.6705415,0.81151175,0.94570327,1.072067,1.1909711,59,0.99513771814159
0.6819066459008691,203.7346025367289,63.159742429405256,5.9,2.1,0.2472918,0.49587202,0.73411703,0.96055365,1.1720655,1.3679328,1.5471425,1.7110693,59,0.9999999999989928
0.822888669130615,205.9173371956447,105.43442285662393,4.9,2.5,0.2430048,0.41876125,0.6046226,0.7792244,0.94455624,1.1007919,1.2475245,1.38483,59,0.9938222024744504
0.8830932734640966,147.9830047671292,153.26887328016224,5.9,2.5,0.2698269,0.5066254,0.74487376,0.96916914,1.1799846,1.3774638,1.5597649,1.7283659,59,0.9999999999971401
0.8928920449093329,193.408339380917,173.16608471724706,5.2,2.7,0.2432003,0.3987155,0.57340765,0.7357092,0.89156747,1.0405154,1.1809518,1.3139055,59,0.9898133243287359
0.9072207069740844,188.98924871526785,4.812466473981036,4.2,2.1,0.2031343,0.36180425,0.52765703,0.689486,0.84249115,0.9883249,1.1260335,1.2563417,59,0.9998246319203942
0.9251383646426612,186.447312251906,44.922002745038725,4.1,2.2,0.20473886,0.35591888,0.51534843,0.66997385,0.8154974,0.9539075,1.0842998,1.2080488,59,0.9999593071574042
0.8833184432000722,225.15065123726603,48.38520685398624,4.5,2.5,0.22418475,0.37017608,0.5340917,0.6905985,0.8381269,0.97941065,1.1136327,1.2409148,59,0.9923675151979384
0.7480395554119315,269.34632433069555,12.99091415628233,6.7,2.7,0.26250958,0.4612851,0.6756246,0.879575,1.0760665,1.2637429,1.4415176,1.6097853,59,0.9964245176254024
0.8310155041919276,187.94307682813204,60.74486779607131,5.7,2.3,0.23884654,0.443707,0.6543915,0.8548093,1.0455129,1.2262394,1.3949811,1.5528941,59,0.9999999993113473
0.9876100865093288,153.02374491035627,79.38741587437828,3.8,2.2,0.20592737,0.36195207,0.52147055,0.67648697,0.82130885,0.95815754,1.0870147,1.2078996,59,0.9999886312483719
0.5196783140485352,288.71855974816634,229.4981878300024,6.6,2.2,0.20583797,0.3778875,0.5354276,0.68619394,0.8298745,0.9669206,1.0959232,1.2178271,59,0.9472574286458385
0.9391767889127848,138.02264598199014,127.61208760263,6.7,2.6,0.27976704,0.5304818,0.7876525,1.0329719,1.2659347,1.4848659,1.6890485,1.8785403,59,0.9999999999195399
0.6992828370371753,262.68560692380004,221.6365739455222,6.9,2.9,0.25329518,0.42321086,0.600003,0.7718375,0.9364512,1.0938263,1.2436967,1.3863368,59,0.8644130637044473
0.5971541398404137,264.6108947218255,94.34566434050028,6.3,2.3,0.24260354,0.4671638,0.6806643,0.8835373,1.0745881,1.2534478,1.4192307,1.5728307,59,0.9999999989544399
0.9851406811369146,190.4995710398188,54.154416166569376,6.9,4.1,0.35486507,0.58564234,0.86348295,1.1174316,1.3613248,1.5918226,1.8101997,2.0160017,59,0.9999908162897861
0.7817263398469548,175.14542765398974,312.9310903354255,6.5,2.4,0.21793413,0.38566947,0.5549896,0.7160773,0.8706362,1.0184882,1.1582339,1.290719,59,0.9999756941365591
0.989051270246872,143.16087020518663,293.08886217425425,6.8,3.2,0.28743124,0.48210263,0.69375825,0.8966851,1.0911312,1.2756772,1.450211,1.6152616,59,0.9999939689750977
0.8462869839532485,178.96109266984644,295.0088627573052,6.3,2.5,0.22034812,0.37149763,0.5364213,0.69056106,0.840204,0.9836533,1.1202469,1.2508388,59,0.9996902337422217
0.9696089628800556,125.2450152018411,104.05995006990952,6.8,2.4,0.26904202,0.5220957,0.78086996,1.0289769,1.264781,1.4864748,1.6929395,1.8844707,59,0.9999896046301078
0.6226887470813469,225.17464008666832,204.0456211516366,6.7,2.4,0.24874449,0.4812951,0.6976297,0.9032202,1.0964942,1.2766583,1.4434471,1.5976553,59,0.999685785358186
0.8599361506366814,143.06767812796173,112.56176158062878,5.7,2.3,0.26224113,0.51190376,0.7569041,0.98789287,1.2036052,1.4033501,1.5862529,1.7542946,59,0.9999999788682203
0.6443509563559462,291.82533308827107,170.29252870015884,6.3,2.5,0.22209144,0.37452435,0.53655386,0.68833065,0.83546543,0.97670674,1.1111987,1.2396634,59,0.9421234609522933
0.9296661331841574,141.25526764392347,172.61226440846832,4.7,2.3,0.22746754,0.40637398,0.5901623,0.7633674,0.9259381,1.0788438,1.2213223,1.3540804,59,0.9994942741350346
0.8853431631877955,219.8704888748891,41.202547005415234,6.7,4.2,0.36342,0.6120877,0.8949132,1.1561012,1.4035592,1.6365442,1.8555579,2.0612469,59,0.9889110412711167
0.7607800372751259,191.17313342022103,111.6793132473254,6.3,2.6,0.2820475,0.54039073,0.793123,1.0319736,1.2563322,1.464999,1.6572535,1.8345296,59,0.9999999994559321
0.8573360484944228,153.06840137042772,258.43990717407155,6.2,2.3,0.21729279,0.3941419,0.5751548,0.747432,0.9125781,1.0698822,1.2188132,1.3588905,59,0.9999988159306643
0.927438118758766,111.3332984260566,287.3368449143965,4.9,2.1,0.21134448,0.38567066,0.5581949,0.7204342,0.8730526,1.0158062,1.1479883,1.2707717,59,0.9424318615398576
0.8636333900187756,214.63321007451688,49.17787721578932,4.1,2.1,0.18518162,0.3188951,0.45928025,0.5977552,0.7286713,0.8536439,0.9731617,1.0866301,59,0.8721963171974709
0.9570403348630367,144.90543930961374,370.9179916156567,7.0,3.2,0.27604675,0.4539721,0.6446121,0.82921743,1.0063877,1.1746988,1.334764,1.4864368,59,0.9585481613997457
0.9836130000515466,166.24643502037966,15.58139996612744,4.4,2.3,0.22395253,0.39723754,0.58090186,0.75826454,0.92558527,1.0842068,1.2342443,1.3752193,59,0.9999999776259954
0.9870960234941504,171.52815521958505,238.52639958400465,6.7,3.2,0.27774334,0.44377804,0.641268,0.82802105,1.0099406,1.1828661,1.3481121,1.505857,59,0.9997677509479105
0.9731621670198194,212.8879559479592,38.129530803084855,6.3,3.6,0.31853604,0.50203395,0.73670316,0.9514725,1.1606038,1.3582084,1.5467813,1.726237,59,0.9999793407141746
0.9111896355072464,189.49435641315503,145.84454363359768,6.8,4.1,0.35249567,0.5958595,0.865294,1.1173644,1.3551106,1.5796943,1.7907071,1.9891133,59,0.7833195402243259
0.966485751205421,155.2806250187716,101.9992805873394,4.1,2.4,0.22864318,0.39599586,0.5736499,0.7410133,0.8980193,1.0454991,1.1837916,1.3135831,59,0.7803109074286134
0.9424680352856458,158.46010268035195,187.0002082992949,5.8,3.0,0.2842939,0.48610997,0.7064662,0.9118142,1.1072145,1.2916336,1.4645128,1.6266375,59,0.9999941534032744
0.825442725243269,222.01654522293697,11.716906064915287,4.3,2.2,0.21107793,0.36782336,0.5339215,0.692996,0.84261656,0.98502636,1.119029,1.2455559,59,0.9999934286556476
0.9659327886578236,150.6321721116532,167.5604465724167,6.8,3.7,0.34698367,0.61433196,0.8942845,1.1585329,1.4075301,1.6412222,1.858989,2.0618494,59,0.9993120042293029
0.6114198272748677,268.9986157808082,98.43656868634976,6.6,2.2,0.22471595,0.4258809,0.621397,0.8100164,0.99012065,1.1612225,1.3215477,1.4718428,59,0.9999999912903359
0.926090362399354,198.123579929456,60.89601387029329,3.9,2.5,0.220438,0.36681557,0.52704096,0.67955637,0.8223944,0.95863676,1.0868533,1.2082663,59,0.9673694934128078
0.7693871898558328,194.5163404375272,214.40489602045787,6.1,2.2,0.2063632,0.3703649,0.5389366,0.699471,0.85369253,1.0018535,1.1423149,1.275238,59,0.9948366817563683
0.6746856206782852,254.89315006357185,167.6520894112894,6.0,2.5,0.23651361,0.41255617,0.59285045,0.761765,0.9234028,1.0770428,1.2220881,1.3585079,59,0.9999798416316222
0.9036797492150676,252.759294590408,49.99572301612023,6.6,3.7,0.31504703,0.48375058,0.7053788,0.9088018,1.1084154,1.2977364,1.4787047,1.6520226,59,0.9998117481330193
0.9592197047038185,217.1217767296272,51.45456194440348,6.4,4.6,0.36223412,0.5678525,0.8370476,1.0780964,1.3086691,1.525918,1.732317,1.9274507,59,0.9268774580770138
0.8955589996053224,168.83460212627782,203.36504189174923,6.5,3.1,0.29428625,0.51277304,0.74306536,0.96194935,1.1701498,1.3667912,1.551341,1.7247248,59,0.9999999918089628
0.9631209399200664,211.6853756537069,4.913904076564046,5.8,3.0,0.2769673,0.45149374,0.66695714,0.86435604,1.0559454,1.2402344,1.4146609,1.5807662,59,0.9679749997863334
0.9236105864573084,169.81201813326467,133.84130350555918,5.1,2.7,0.26189685,0.4491551,0.6507621,0.8388727,1.0178692,1.186717,1.3444359,1.4921114,59,0.9965453955505386
0.9838984141444488,171.659884878027,108.68863110948035,4.4,2.7,0.24555135,0.4047985,0.5841553,0.7534585,0.9118767,1.062803,1.2047567,1.338309,59,0.9146803649026887
0.9051511687799972,136.9748243361525,180.9632483569167,5.3,2.4,0.2530284,0.4685607,0.68395877,0.8867438,1.0762277,1.2535441,1.4167106,1.5677748,59,0.9999165252482677
0.9086296470817832,250.56262318814225,27.66014798520597,5.6,3.3,0.28716707,0.44151783,0.64327383,0.8259723,1.0042331,1.1749628,1.3367097,1.4914396,59,0.9771570072034621
0.7689270383055802,174.25498466711164,84.40607521685438,6.0,2.3,0.2651639,0.5248172,0.77643514,1.013948,1.2358515,1.4404411,1.6278977,1.7999961,59,0.9999996506457751
0.9799714950206052,162.1798396527768,124.43672292333903,5.0,2.3,0.21014643,0.36711884,0.5349467,0.6973288,0.8524363,1.0007436,1.1415634,1.2749686,59,0.8508943221568321
0.9339450414602772,180.58674452119604,123.31884951360634,6.7,3.4,0.3183143,0.5442407,0.79294014,1.0280948,1.2528605,1.4649549,1.6650467,1.8530436,59,0.9999999602937607
0.886248099935397,206.5495068873577,55.32812757327705,6.9,3.1,0.29896593,0.51944304,0.7615049,0.9912815,1.2131987,1.424056,1.6235723,1.812046,59,0.9999675648971834
0.7871510695255248,200.6199959707008,187.89272684119408,6.9,3.2,0.3079865,0.5539279,0.79630136,1.0291147,1.248538,1.4548502,1.6476388,1.8275089,59,0.9181383919006594
0.9404398895906032,120.99044773402844,377.91713115856254,6.2,2.4,0.21646881,0.37900448,0.5467074,0.7046974,0.85633874,1.0008368,1.1369705,1.2656493,59,0.9999800704792026
0.9733663815932616,82.08879850631213,356.4720026161517,5.6,2.0,0.21305346,0.40918922,0.5968602,0.7747154,0.9414842,1.0969274,1.2400451,1.371263,59,0.999998955010774
0.742174738054703,182.5922919224897,156.0158117488542,6.4,2.2,0.23728347,0.4597242,0.6769433,0.88416743,1.0808616,1.2658558,1.4371212,1.5959725,59,0.9999999999998916
0.9856183491710576,159.61450464524142,77.77813291737705,6.5,3.9,0.36455655,0.63959575,0.93782496,1.2147667,1.4755499,1.7195756,1.9467418,2.1580474,59,0.9217432378563971
0.8413910090892591,179.30673228497187,335.72662082995566,6.6,2.9,0.25144196,0.41550875,0.58981013,0.7577946,0.91807485,1.0706542,1.2156477,1.3532381,59,0.75400863345253
0.5730380974041632,218.5675945025066,252.78615221477443,6.8,2.0,0.20712972,0.40576458,0.58836365,0.7638798,0.93047047,1.0876353,1.2336934,1.3698928,59,0.9999999999789164
0.9393262032875735,161.47007877036003,258.5539425537486,5.9,2.5,0.22259569,0.373811,0.5442257,0.7019644,0.8556423,1.0032163,1.1437025,1.2773099,59,0.9951710434779105
0.916072017137828,193.5754334979688,172.96370749087225,6.6,3.2,0.2880516,0.47396255,0.6858158,0.8869376,1.0808048,1.2650938,1.4400635,1.6065335,59,0.9999969896053835
0.6728303908798702,264.75800956982937,9.548538545985163,6.0,2.6,0.27651596,0.5150907,0.75224304,0.9758234,1.1864729,1.3832781,1.5663192,1.7359316,59,0.9999997635970632
0.9785409354831472,143.39873708369862,34.20278430902357,6.5,3.4,0.36114025,0.6742215,0.99379015,1.2922196,1.5710073,1.8295703,2.0670066,2.2858768,59,0.8039611240502406
0.947372248546676,238.24301613692865,6.973206086443895,6.0,3.6,0.31410646,0.48235106,0.7071011,0.91052175,1.1090033,1.2972825,1.4762108,1.6473124,59,0.9979584506871716
0.5362418191354982,285.9798730031157,100.2981344423303,6.6,2.2,0.23805285,0.47077346,0.68586826,0.89112186,1.0838902,1.2635038,1.4292462,1.5820866,59,0.9999999976611509
0.8592144929438865,238.37931548899635,2.259320506742979,4.6,2.4,0.2180214,0.3688004,0.534333,0.694046,0.8452053,0.99007034,1.1278462,1.2584527,59,0.9999704805960028
0.832475539330598,157.48721158309354,2.12750485202573,5.6,2.2,0.27496243,0.5496645,0.8185866,1.0717926,1.3066623,1.5221028,1.7187264,1.8979673,59,0.9754164711705208
0.9051511687799972,136.9748243361525,180.9632483569167,4.6,2.0,0.20525503,0.37312555,0.543911,0.7061465,0.859045,1.0026326,1.1366343,1.261456,59,0.9999999999088356
0.8087508546649136,224.1796892120264,30.22817793426622,6.9,3.1,0.31106782,0.56112504,0.8208189,1.0685339,1.3046036,1.5277624,1.7368517,1.9326825,59,0.999999999763105
0.915639171838586,194.89872803525347,58.75881672427488,5.6,2.9,0.28102303,0.47735906,0.69896245,0.9039018,1.1004591,1.2871518,1.4624104,1.6274414,59,0.9999999367293262
0.9884627803944626,168.07974170565998,183.47914521928263,4.8,2.6,0.22616363,0.369411,0.5314379,0.68529296,0.8318753,0.9718616,1.1047561,1.2309821,59,0.9661275875322936
0.9673875053304796,207.75876620700907,82.32241274342518,6.2,3.4,0.30156898,0.4748838,0.6945987,0.89681387,1.0937638,1.2801461,1.4576411,1.6268296,59,0.9999804666745333
0.9883835924326296,160.80301241337438,301.78970121921805,7.0,3.6,0.30152106,0.47925258,0.6864884,0.88325334,1.0730612,1.2539127,1.4262111,1.590236,59,0.9694084387616353
0.8080107617008545,169.5873358200001,219.276629728374,6.8,2.9,0.2928176,0.5467973,0.7931607,1.0289817,1.2498474,1.4565706,1.6483026,1.8257632,59,0.999957493899097
0.9121056463951572,140.11856885574426,177.49313009728084,6.9,2.6,0.2724185,0.5156617,0.7623882,0.99886394,1.2234111,1.4355762,1.6331584,1.8174121,59,0.9999999995767794
0.778452651898327,223.2894035729917,108.6056571157703,6.2,3.0,0.29066944,0.5104816,0.739933,0.95638084,1.1612797,1.3544788,1.5354519,1.7049403,59,0.9999933356742994
0.808839606127739,182.4314817555773,69.31405892941088,5.2,2.2,0.23853064,0.44648123,0.65493536,0.85210276,1.0379734,1.212122,1.3735182,1.5232983,59,0.9999999999999805
0.5846889902963738,293.3712230838059,196.87057463207296,6.6,2.4,0.21592188,0.38039303,0.5420649,0.69673705,0.84518313,0.98740864,1.1222217,1.2507555,59,0.9707105000070353
0.9499326557161114,130.88524501007777,150.22473023916322,4.0,2.0,0.20297289,0.36443996,0.5280278,0.68363047,0.82909465,0.96522164,1.0921929,1.2106125,59,0.9993030074653014
0.9039994199791576,199.4812482813184,184.80472567661133,6.0,2.7,0.23721361,0.3868642,0.56374955,0.7268615,0.8853166,1.0385139,1.184356,1.3235996,59,0.9145582300274241
0.8040203907462553,261.5906468766477,53.37604014868123,5.8,2.8,0.25227118,0.41463923,0.60434127,0.7788317,0.9486661,1.1114774,1.2663283,1.4134083,59,0.9999828780039887
0.7946016280789892,248.1602703414668,104.2981792856907,6.9,2.9,0.26447773,0.44736695,0.64928484,0.84265804,1.029927,1.2088785,1.3794861,1.5419078,59,0.899659086392451
0.9824567484857718,158.6746743263646,11.04794927854016,4.5,2.2,0.22459102,0.40497947,0.594337,0.7764225,0.94858766,1.1113298,1.2646878,1.4085793,59,0.9999999963450747
0.7104180802772417,234.39494683033044,59.30841283674484,6.8,2.5,0.2667427,0.5065856,0.7450545,0.9737606,1.190515,1.3951795,1.5857201,1.7631774,59,0.999999999997355
0.690145211243901,203.8512211752912,214.96115981350687,6.5,2.6,0.2649927,0.50022674,0.7234454,0.93524384,1.1339259,1.3197536,1.4915245,1.6510274,59,0.8915456341489061
0.77328271358,185.88698936969612,113.2766615875339,4.4,2.0,0.20901561,0.3774295,0.5476036,0.7082586,0.8587332,0.99948263,1.1306927,1.253258,59,0.9949404774296807
0.8086196358197941,219.09265149069336,190.2289986882932,7.0,2.9,0.26174212,0.4456308,0.64305687,0.8333273,1.0168629,1.192316,1.359405,1.5183249,59,0.999494992745883
0.909633507227243,142.03945168666834,202.9103061251328,5.0,2.3,0.22622275,0.40642,0.5896468,0.7627027,0.92589283,1.0794852,1.2228262,1.3565524,59,0.9999975159275978
0.8581754738735046,188.955661495399,75.36604928659526,5.6,2.9,0.29631138,0.52560544,0.7663641,0.99009013,1.201365,1.3992705,1.5830116,1.753839,59,0.7071713486050704
0.8565819315646817,273.25726142960804,5.27675799255225,6.6,4.2,0.3462324,0.54110575,0.7917247,1.0197539,1.239542,1.447505,1.6457238,1.8334923,59,0.9849887512124393
0.8188376658146355,225.76524981134568,57.66385642406186,5.3,2.6,0.2494328,0.42906356,0.6244621,0.80720687,0.9823427,1.149132,1.3062685,1.4543107,59,0.9999996893395732
0.969956852086032,137.25761440078455,121.94077201645727,6.4,2.7,0.28668118,0.53063035,0.78483486,1.0248516,1.252392,1.4662545,1.6651084,1.8504755,59,0.9999999999982112
0.9895818421521684,147.16368649367,53.21305661668569,6.3,3.0,0.31387448,0.57006955,0.8440192,1.1008105,1.3444471,1.5730066,1.7860808,1.9840975,59,0.9999999999965681
0.6718477462931378,187.60285979131697,190.3375070035642,6.7,2.1,0.22953176,0.45786285,0.6749389,0.88360095,1.0813522,1.2663474,1.4372804,1.5951407,59,0.9999999999999893
0.8331318581715916,208.70687497709525,109.30502521636096,6.9,3.3,0.31422043,0.5535934,0.8031409,1.04124,1.2674029,1.4811752,1.6818936,1.8702381,59,0.9999999940947042
0.785407024029154,162.90293619649017,123.47434494319502,6.2,2.1,0.23631644,0.46646404,0.69283414,0.9099579,1.1153979,1.3086948,1.4869373,1.6520076,59,0.9999999999917648
0.6800813609070422,173.07099596728492,311.26005667252906,6.8,2.0,0.19731545,0.3761487,0.54486156,0.7088077,0.86527586,1.0143437,1.1547258,1.2868257,59,0.9999994609996192
0.8214694663713116,212.8124278724324,61.16504310613462,4.3,2.3,0.21532393,0.37144518,0.53692675,0.69393086,0.84148645,0.98152447,1.112927,1.2368407,59,0.9999898001687464
0.7691357744099363,188.331157387408,166.46458301463184,6.1,2.2,0.22225785,0.4135685,0.60584164,0.78964305,0.96520615,1.1320522,1.288866,1.4354372,59,0.9999999779389166
0.7405199573271404,190.80572704509584,192.4066633161061,6.5,2.6,0.2672758,0.5036917,0.7332933,0.9512925,1.1569712,1.3493102,1.5279205,1.6934278,59,0.9999999724165928
0.8231037638167173,182.72530855779155,270.81568254978123,6.2,2.7,0.24718928,0.4215486,0.60584664,0.77887154,0.9441695,1.101373,1.2495475,1.3893855,59,0.9999590122587109
0.897828638715009,202.4517506715821,65.77760018339896,6.5,3.8,0.34699607,0.5909698,0.8611233,1.1130087,1.3522012,1.5766208,1.7876618,1.9852273,59,0.9994880809661203
0.7774508577852338,197.25547255285952,21.83507496999461,6.2,2.4,0.27147937,0.5251057,0.77827024,1.0183082,1.2441599,1.4548061,1.6493304,1.8290627,59,1.0
0.953013120755216,188.72343439459704,128.63335927190423,7.0,3.5,0.312778,0.5197935,0.758075,0.9828608,1.2008784,1.4079168,1.6048467,1.7917507,59,0.9999942062392995
0.760941456639147,128.4459823496944,366.71077910498815,6.8,2.2,0.22726178,0.4467647,0.6488929,0.8414917,1.0227888,1.1918628,1.3472426,1.4910123,59,0.9999998030734617
0.6990069260402134,274.24361447772475,171.4724275685408,6.2,2.5,0.21863294,0.36295128,0.5229926,0.67125154,0.8158159,0.9550946,1.0881283,1.2157276,59,0.9838870067676553
0.6814174673102467,204.6027418532961,191.2863115468652,6.9,2.3,0.23580503,0.45510793,0.66601944,0.86869264,1.0608838,1.2426221,1.4119227,1.5696464,59,0.9999999999944897
0.6339251973948955,233.73901623193552,228.4182736894441,6.9,2.6,0.25457287,0.47624826,0.6838007,0.88337827,1.0717742,1.2493246,1.4148319,1.5690677,59,0.9994394605755424
0.7195757654478779,198.0486783183668,137.41571193850132,6.0,2.2,0.23527431,0.4495268,0.65847063,0.85715914,1.0451565,1.221215,1.3847818,1.5364544,59,0.9999999999999645
0.8323874687042048,205.513008671768,46.94689918872705,6.8,2.7,0.277246,0.5054555,0.74507093,0.97382855,1.1927059,1.4000776,1.5954397,1.77858,59,0.9999985830846365
0.7256513622988319,262.8646183917853,95.53411875101972,6.6,3.1,0.29223442,0.5071194,0.73026896,0.9439745,1.1473484,1.340333,1.5220985,1.6934295,59,0.999999598486556
0.8306051441835902,209.3957327021698,78.60948949158457,6.8,3.6,0.3431883,0.6122072,0.8884213,1.1504605,1.3971889,1.628598,1.8451197,2.0465443,59,0.9976272869532135
0.876670922249563,227.6418178355113,167.30517923688936,6.4,3.3,0.2818172,0.44121194,0.6348357,0.8171809,0.9937284,1.1614001,1.3214729,1.4743536,59,0.9847532234394871
0.7893995515303451,193.22752933585545,289.2932725493188,6.0,2.4,0.20879197,0.35358167,0.50778365,0.65130687,0.79004884,0.9232824,1.0501099,1.1709473,59,0.8019278952789811
0.899309476895048,155.77634215081497,12.210281730384589,6.8,2.4,0.27690625,0.539557,0.8078215,1.0648108,1.308696,1.5378711,1.7507102,1.9475625,59,0.9999992482518877
0.9507854157633544,188.2649594418757,194.58739887938964,5.9,2.8,0.24097776,0.3874948,0.5652976,0.7281368,0.88706136,1.0405178,1.1863592,1.3261604,59,0.8760619944120682
0.6285620022009162,266.9535479423407,192.0117337797832,6.9,2.7,0.25555158,0.45959568,0.6561389,0.8459933,1.0255704,1.1960089,1.3561618,1.5066779,59,0.999957016493667
0.8691679943069055,204.8208781471572,20.64826831775597,5.0,2.2,0.2147572,0.38311362,0.56057954,0.73213196,0.8954909,1.0515907,1.1996806,1.3393359,59,0.9614038708484551
0.9289471863802148,112.63107451552418,185.9461941768372,5.2,2.0,0.22647476,0.43691635,0.64496756,0.84178686,1.026614,1.1985435,1.3569791,1.5023892,59,1.0
0.977153725873484,130.61653800612788,358.41461709227235,6.2,2.4,0.20597553,0.3490939,0.5060036,0.65248966,0.7946284,0.93179536,1.0621734,1.1868131,59,0.8710599456110906
0.9753144118042824,197.82552468871603,69.80941369210902,6.2,3.4,0.30843067,0.4959426,0.7267809,0.93960476,1.1456885,1.3409281,1.5259771,1.7016635,59,0.9999960194986578
0.9681907135420964,189.6594805764896,81.19119086430882,6.5,3.8,0.33838773,0.5558922,0.8136966,1.0519049,1.2807915,1.4960597,1.7000878,1.8921864,59,0.9999948475644631
0.8983269732730155,138.63899712634117,56.698496000949696,6.0,2.3,0.2704661,0.5337944,0.79643226,1.0454702,1.2788374,1.4953687,1.6944728,1.8770173,59,1.0
0.7792077648721016,273.23744089615866,78.63960906741521,7.0,4.2,0.34799337,0.572947,0.8277173,1.0663896,1.2922087,1.5057783,1.7083759,1.899981,59,0.7812436502971473
0.6604199696716796,234.4755898427683,90.79656695841707,5.1,2.0,0.21139717,0.39174867,0.5686598,0.73689103,0.8953991,1.044807,1.184216,1.3137686,59,0.9999999999024656
0.83086219959371,185.4791143162105,164.00322903941057,6.0,2.5,0.24694705,0.4409392,0.6441572,0.8352616,1.017801,1.1910303,1.3539212,1.5066347,59,0.9999999974305425
0.8017716349349573,253.57474870250064,15.909295833113646,5.9,2.9,0.27743435,0.4692421,0.68541765,0.88637114,1.0794909,1.2631068,1.4362397,1.6000767,59,0.9999997423679913
0.8916909192561215,163.24015482942403,114.64518408433774,5.4,2.7,0.2811098,0.5061202,0.7382953,0.9540832,1.1579466,1.3482182,1.5244696,1.6878469,59,0.8923909451402493
0.7424266798162871,229.1620515472109,149.02459645291174,6.4,2.7,0.26037002,0.46031857,0.6662483,0.86180997,1.0479314,1.2243903,1.3902771,1.5463607,59,0.9999999717034034
0.6405585294135137,269.879551010552,164.95170651880363,6.1,2.3,0.20798826,0.36587143,0.52672076,0.67892694,0.82544494,0.96589184,1.099504,1.2263036,59,0.9998469814594382
0.9285838413535514,219.98003034403217,120.9286994086371,6.9,4.2,0.3408637,0.5337968,0.7797675,1.0050249,1.2217503,1.4269376,1.6227641,1.808682,59,0.9884777099136166
0.7673154703863482,198.99190096647823,32.85317329130404,5.9,2.0,0.22191429,0.42725968,0.6349714,0.8351579,1.0266836,1.2079177,1.3776197,1.536313,59,0.6699473557974723
0.8870111962067795,163.72319257614097,53.64147056053898,7.0,2.6,0.28509855,0.54460406,0.81070113,1.0656738,1.3083775,1.537401,1.7508533,1.949167,59,0.9999990668690805
0.9111852699215284,256.04466204990587,60.31352955349432,6.0,3.4,0.28920436,0.43393016,0.6317854,0.81187296,0.98905563,1.1572299,1.317883,1.4722614,59,0.9863045299314395
0.8975563766354728,207.2403582602857,200.16395464485828,6.9,4.0,0.32897615,0.5238242,0.7549348,0.9724784,1.18045,1.3777685,1.5652847,1.7433591,59,0.9834046800006827
0.7101356607559288,278.6267543063362,57.75880608869976,6.9,2.7,0.2570784,0.4518683,0.65737677,0.8546648,1.0442877,1.2256985,1.3979003,1.5612719,59,0.9984459361808065
0.700007717753661,228.8845988402704,204.54008285626392,6.6,2.5,0.23841834,0.42752433,0.6171231,0.7982619,0.97156024,1.1364427,1.2921937,1.4389682,59,0.9999997936128615
0.821494454607999,195.94957016108424,200.9242578196585,6.6,2.6,0.2407229,0.42129588,0.61411786,0.7975223,0.97430634,1.1438661,1.3049219,1.4576218,59,0.9866113750685129
0.9099678610680416,180.82837614086185,4.843452819293947,5.0,2.5,0.26356173,0.47174692,0.6918478,0.8994324,1.0951965,1.2793465,1.4513462,1.6120048,59,0.9999999999745413
0.8867094245562641,183.06430728803792,101.17608870534518,6.7,3.1,0.30712914,0.54822516,0.80230904,1.0434556,1.2733755,1.4903226,1.6937923,1.8842554,59,0.9999999996852473
0.70738390535492,266.40411668574853,33.0856605535522,5.1,2.3,0.22047162,0.38889003,0.5630722,0.72882676,0.8865335,1.0365655,1.1780624,1.3115933,59,0.9999985753341628
0.99550137194587,142.7750157020306,170.17381592386002,4.8,2.6,0.24750829,0.42439127,0.61502624,0.7943361,0.96374846,1.1236725,1.2735302,1.4139922,59,0.9999238347015109
0.9825036647671086,123.80829008885698,162.98117262000594,7.0,2.7,0.28854418,0.54645634,0.8093524,1.0608659,1.2994354,1.5234959,1.732588,1.9264967,59,0.9999999999918163
0.8980820377168288,219.17764921074465,210.90782664751185,6.4,3.2,0.26942015,0.41342473,0.5933323,0.7626872,0.92727566,1.0839057,1.2339339,1.377626,59,0.7912381750046522
0.8325889382141884,160.73336163913774,11.70284330965874,6.8,2.4,0.29340506,0.59317946,0.8883724,1.1697426,1.4322717,1.675112,1.897124,2.1000903,59,1.0
0.6560591627286247,254.00535582617897,8.231785820420479,6.6,2.6,0.29141903,0.57180023,0.8414371,1.097559,1.3365321,1.558768,1.7626026,1.9495575,59,0.9999999917994051
0.9438283057224488,174.95766635901808,277.3418783679987,6.8,3.4,0.2907188,0.4658587,0.666224,0.85784197,1.04322,1.2189116,1.386334,1.545701,59,0.9904861102793034
0.9379484754831348,227.61783603441972,94.38562115486522,6.2,3.9,0.32540298,0.4939425,0.71877027,0.9238126,1.1235192,1.3114817,1.4908864,1.6616929,59,0.8003628620772968
0.6863841844349894,241.6095100735458,182.0141904607575,6.8,2.8,0.26619434,0.47900486,0.68807554,0.8894706,1.0799427,1.2602859,1.4295206,1.58848,59,0.9999999788866705
0.8386582137324639,194.427530576153,246.5624095800369,6.8,3.2,0.28807116,0.48619056,0.6941583,0.8947301,1.0857506,1.2670684,1.4386406,1.6007137,59,0.9998465441042429
0.8752765194298582,224.40709178018164,156.15221618642926,6.0,2.8,0.23996711,0.38431597,0.55965734,0.7203734,0.877172,1.0290184,1.1733975,1.3118505,59,0.6515529926212178
0.9765216185610036,231.000112768891,34.341156281573284,5.7,3.4,0.29434252,0.44459915,0.6512389,0.8369551,1.0188789,1.1927319,1.3578606,1.5160842,59,0.9902091408382563
0.8042500016742853,232.7449767565418,80.21262955340602,6.8,3.6,0.33294535,0.5775821,0.8347914,1.0787861,1.3104622,1.5285728,1.7340496,1.9260852,59,0.9999938523604949
0.9898055227863108,118.81701589419816,203.4474829325009,7.0,2.5,0.26252508,0.49528503,0.73471665,0.9645798,1.1841221,1.3922393,1.5871353,1.7690148,59,0.999540454731843
0.8942729769127973,250.3140650574903,90.59591448871704,6.3,3.4,0.28997874,0.4423313,0.6414838,0.826107,1.0071721,1.1786656,1.3428674,1.5003033,59,0.9989542362518523
0.8327137195252636,170.94950483293647,232.6157118377832,5.0,2.1,0.19036889,0.33098054,0.47639775,0.615201,0.7474828,0.8739855,0.99372554,1.1065989,59,0.9970668220568156
0.7560735523170798,292.891594532133,26.932431149573866,6.4,3.1,0.28182077,0.46247292,0.6702857,0.8662405,1.0549879,1.2352958,1.4068975,1.5701652,59,0.9999967085269689
0.9717252826331286,98.9085607913378,312.5741854343073,5.6,2.2,0.22614598,0.42365837,0.61700296,0.8003814,0.9728527,1.1343081,1.2837112,1.4220891,59,0.9999999763809985
0.7635988818614707,224.4442900101363,140.9816975134591,6.5,2.9,0.27958512,0.49355197,0.7139745,0.92396283,1.1231236,1.3114572,1.4882693,1.6541162,59,0.999999995550116
0.944229257205071,164.5031232532398,81.68160353913922,5.3,2.9,0.29291153,0.51096034,0.7459948,0.9637892,1.1699014,1.3634,1.5433288,1.7109838,59,0.9636419572540308
0.8972760478398549,181.89111167442928,64.49839014137422,3.9,2.1,0.19499445,0.3423226,0.4934938,0.6411214,0.78009605,0.9117625,1.0359936,1.1536703,59,0.9995487062720462
0.949076857969818,204.9884046510997,39.28662066179687,6.8,4.7,0.37576294,0.6262312,0.9262538,1.1966386,1.452961,1.6945243,1.9229131,2.1380363,59,0.9994653857008892
0.9817794343504194,194.840392919616,111.21691887701871,7.0,4.5,0.35788727,0.5758939,0.85103893,1.1000352,1.3382301,1.5637078,1.7780342,1.9811239,59,0.9986055397861837
0.9142127330613284,204.43797734429472,128.46791612007254,5.8,3.3,0.29496145,0.47273922,0.6847296,0.8798883,1.0679295,1.2459042,1.4142191,1.5735881,59,0.9990734594512907
0.9381805899767052,198.4701008117976,28.519310575458555,5.6,3.3,0.31309032,0.5192692,0.75961566,0.97946,1.1899645,1.3884895,1.5751684,1.7510374,59,0.9999984473930974
0.7814419962271703,227.67603821846384,40.73496088126149,6.6,3.4,0.33841157,0.6149287,0.89250183,1.1559029,1.4030218,1.6338906,1.8480887,2.0469718,59,0.7910826882093753
0.955685471367471,177.0976492608585,46.51192430150286,4.1,2.2,0.20488882,0.35722518,0.5177448,0.6738341,0.82083964,0.96074176,1.0926104,1.2176161,59,0.999987558447212
0.9182553260279382,197.7381472087052,222.8195906115745,6.5,3.4,0.29113507,0.4587257,0.65765333,0.84637785,1.0288978,1.201561,1.3661032,1.5230651,59,0.9637160250779951
0.7974519870277255,253.231401524512,4.139573388916684,6.0,3.2,0.3094144,0.52465844,0.7621622,0.98345137,1.1940145,1.3931203,1.5796437,1.7550368,59,0.9999883314720612
0.798647420770634,177.1722175153291,295.21835493765576,6.4,2.7,0.25115323,0.4382143,0.6276512,0.80745864,0.97777104,1.1392493,1.2908638,1.433047,59,0.6444313899486918
0.9151591070550524,187.9661253657653,19.64220020250229,5.9,3.2,0.3235364,0.5641551,0.8270483,1.0708256,1.3016868,1.518208,1.7206264,1.9089327,59,0.9999937160374035
0.8889238643390267,134.89461999892293,4.510332994794508,6.8,2.2,0.28318644,0.58008695,0.8750596,1.1567223,1.4203501,1.6643314,1.8874087,2.0906878,59,0.9999999999999964
0.5908679650185342,294.0521095554785,72.92886233684625,6.8,2.7,0.27988982,0.5317371,0.76910615,0.99598575,1.2086632,1.407357,1.5916293,1.7622101,59,0.9951792551268333
0.8345682180954692,230.0694444979113,219.8722331618412,6.2,2.8,0.23273826,0.36692476,0.52960396,0.6794419,0.8254566,0.9665501,1.1013668,1.2307763,59,0.8827308665376674
0.9912612868050654,135.78239893465073,295.0712835669885,6.5,3.1,0.28303313,0.480011,0.6928737,0.8959851,1.089108,1.2721848,1.4448996,1.6077619,59,0.9999991049888548
0.6595710355365202,266.1143158536117,70.35873141769997,5.8,2.4,0.24179792,0.4401245,0.6392667,0.82646704,1.0047064,1.1727903,1.3304055,1.4773855,59,0.9999999997800195
0.7676485774180826,216.51267677787092,7.334021835223359,6.3,2.9,0.31706858,0.59875727,0.87791157,1.1407399,1.3863816,1.6140871,1.8237491,2.0167236,59,0.9384767558301038
0.8961757496475362,233.96546350912885,86.64535855041385,6.3,3.5,0.3039534,0.47787142,0.6947057,0.8956673,1.0913494,1.2766974,1.4533479,1.6216624,59,0.9998252410032958
0.7358055658010219,245.4304969061587,78.60838091405218,6.6,3.0,0.29344368,0.5264337,0.7638507,0.99049187,1.2053652,1.4081473,1.5980248,1.7758422,59,0.9999999996606519
0.8479909205291762,167.8977894441292,171.50762051560687,6.8,3.3,0.3293469,0.6124964,0.8888166,1.1514256,1.3968599,1.6256182,1.8372524,2.0328825,59,0.6770081119165684
0.5582343864429571,258.5703417107629,112.4337817202333,6.3,2.1,0.2314694,0.45993185,0.67264223,0.8752682,1.0656412,1.2429142,1.4058464,1.5561447,59,0.9999999999916938
0.6639363292703896,235.3296143624892,70.6239831240135,5.4,2.0,0.21516967,0.4059975,0.5934143,0.7723105,0.94176984,1.1015182,1.2501242,1.3888831,59,0.999999999978936
0.99622000168605,173.64778320324098,112.59130984344615,4.4,2.7,0.24095535,0.3935876,0.5672798,0.7323055,0.8863833,1.0337164,1.1727629,1.3042657,59,0.9938409423940894
0.73120530395488,250.87492237598696,110.00895861153288,6.8,2.9,0.2769115,0.48882937,0.7071283,0.91687036,1.116796,1.3065615,1.4854889,1.6540093,59,0.9999999730702459
0.8604724795916405,220.6049016877443,184.3701205569048,6.9,3.7,0.31594205,0.5081265,0.7286279,0.9381373,1.1388185,1.3293388,1.5105402,1.6829832,59,0.9802856494380957
0.9268596097298264,221.5323504193948,1.6948267482869817,6.3,3.9,0.34737134,0.5643437,0.8282335,1.0694811,1.3015821,1.5199273,1.7261174,1.9208863,59,0.9999776101238627
0.9373449145524624,154.3621583614324,58.296190770180935,6.8,3.5,0.3602984,0.67525744,0.99322104,1.2926471,1.5728414,1.8336322,2.0739558,2.2954,59,0.999999665099205
0.83849246006486,165.85702518771035,223.83744039978112,4.4,2.0,0.18453431,0.31547356,0.45377922,0.5842767,0.70726514,0.82385826,0.9338753,1.0370502,59,0.9577431564135876
0.594169823142036,231.5405133599209,266.3730330792333,6.1,2.0,0.1882608,0.34178972,0.4873805,0.62632847,0.75930333,0.8858552,1.0059338,1.1193595,59,0.8908261948770937
0.7354102286662695,235.17969336112563,105.3290204118316,6.4,2.6,0.25555658,0.4599867,0.67126393,0.87158203,1.0634396,1.2454224,1.4168994,1.5779688,59,0.9999999986234371
0.9942324371915814,109.85746830548962,306.5437027530179,6.5,3.0,0.29421592,0.53632617,0.77881265,1.0089254,1.2249031,1.4269338,1.6142311,1.7880859,59,0.9955774902425378
0.881312965540433,219.0368787330014,170.5592153983976,6.5,3.1,0.2695229,0.4308827,0.6234119,0.8053193,0.98195314,1.150528,1.3117003,1.4658294,59,0.9965976384223258
0.8835722324453457,235.88574169762845,147.05780674924918,6.9,4.3,0.33872938,0.52505684,0.7626748,0.98138237,1.1903138,1.3885627,1.5775056,1.7570758,59,0.6938248165510987
0.7587767163516006,192.8952936034421,226.8856215661448,6.1,2.5,0.24438238,0.4388275,0.6339476,0.8178203,0.9926405,1.1577494,1.3127053,1.4575467,59,0.99999911277025
0.965837620043843,151.7227769792946,155.4610110990257,4.5,2.1,0.1919775,0.3356831,0.48758388,0.63488936,0.7745981,0.9080112,1.0342355,1.1537514,59,0.9997609233554432
0.8460951751877717,190.10003547070863,180.62288086399457,5.6,2.4,0.22157288,0.38460827,0.55899787,0.72277355,0.8808596,1.0314338,1.1742883,1.3092995,59,0.9999991414113003
0.916028314350496,180.76312629618184,7.794891221910305,4.5,2.4,0.24367237,0.43231082,0.6313603,0.82036424,0.9977641,1.1651237,1.3216591,1.4681294,59,0.9999999995060698
0.980512267231771,183.37245449561087,59.61527734660073,4.3,2.3,0.20187235,0.34545636,0.50045705,0.652066,0.7950599,0.9323971,1.0626676,1.1868093,59,0.9814289668353522
0.9202754245966536,159.5009859152687,96.63056401513744,5.9,3.0,0.30909204,0.5584481,0.81905866,1.0623322,1.2916255,1.505928,1.7045794,1.8891287,59,0.9999915648744196
0.5742266721063682,271.8339911155401,173.21899834161414,6.5,2.2,0.21506286,0.40017843,0.57616305,0.744473,0.9052837,1.057733,1.2010343,1.3355334,59,0.9999998885501382
0.7473479560000791,219.10379754210425,267.891618697423,6.9,3.1,0.27667665,0.4721818,0.66848516,0.8593304,1.0408955,1.2133002,1.3764472,1.53088,59,0.987172935853206
0.6758266609536474,175.88472667365457,178.29287584079165,6.8,2.0,0.23359609,0.47864342,0.7113526,0.93505645,1.1453125,1.3405046,1.5192647,1.6828539,59,1.0
0.844585446726114,192.66701585134857,155.47872196931846,4.8,2.3,0.20854378,0.3581605,0.5164573,0.66706514,0.80974174,0.9457698,1.074393,1.1958098,59,0.9995144220326779
0.9770185702613504,169.56026537839193,51.759305661279775,5.3,3.1,0.305135,0.51833034,0.7580304,0.97892284,1.1890774,1.3875747,1.5728717,1.746283,59,0.9999873881679827
0.9194428159027468,167.0092272694485,59.02973439370052,5.7,2.3,0.2342174,0.43073583,0.63743544,0.83526707,1.0241914,1.2040215,1.3740091,1.5332801,59,0.9102072281522827
0.8260974318633989,237.44303081955536,18.26312728936781,5.2,2.8,0.26689625,0.45039654,0.6533096,0.84238863,1.0232918,1.1947322,1.355968,1.507731,59,0.999999089731054
0.810524097555585,144.54016772883358,193.19013200374383,5.8,2.1,0.22959733,0.44620085,0.6568186,0.85775423,1.0475559,1.2246711,1.3884654,1.5394723,59,1.0
0.7637059633894403,183.60410436989065,247.37339117900385,7.0,2.7,0.26558328,0.4913833,0.71069384,0.92194057,1.1217079,1.3102262,1.4860961,1.650707,59,0.9999999999600817
0.5497682115832705,270.9819069883996,215.34758537229072,6.3,2.1,0.19689202,0.3599999,0.5140941,0.6617408,0.8024564,0.9376347,1.0651808,1.1857615,59,0.9960222702637542
0.8783573950347248,189.5911122611865,247.5695002799445,5.9,2.6,0.22394824,0.3674667,0.53274345,0.6844268,0.8327484,0.97547436,1.1115453,1.2414746,59,0.995779374605722
0.8944877946490883,235.3405579417324,59.417664144618776,6.1,3.2,0.2878585,0.45848942,0.66873884,0.86303186,1.0515022,1.2310386,1.4015851,1.5643377,59,0.9999837883931111
0.9228928131813384,192.26432489359692,53.22496486583867,4.9,2.4,0.22676754,0.39292598,0.572948,0.7453921,0.9095628,1.0664394,1.2148066,1.3553557,59,0.9999920628218314
0.6992438240156693,227.68380168238764,101.9959176117358,5.8,2.1,0.21150589,0.3930235,0.57560444,0.7503674,0.91811323,1.0775816,1.2278214,1.3690217,59,0.999974826859864
0.9869578029756942,92.73297325792558,257.63564123727633,6.7,2.2,0.24485755,0.48534894,0.7227318,0.95064783,1.1664643,1.3680327,1.5541649,1.7262757,59,0.9999999999957101
0.944319210226046,165.60157823120488,102.17165100031616,5.7,3.1,0.3069756,0.531867,0.7767997,1.0038157,1.2190375,1.4216828,1.6105142,1.7868743,59,0.9994601639005728
0.8153017602303696,148.49218038385945,151.20750122587145,6.8,2.6,0.29797268,0.5990937,0.8877332,1.1614017,1.41554,1.649616,1.8624833,2.0566437,59,0.9175884085165984
0.960914737549582,197.77210269066217,111.2972926136369,5.8,3.0,0.26668406,0.42870212,0.62809014,0.8108821,0.9885199,1.159224,1.3212004,1.4755793,59,0.9996770155186837
0.9367537169737998,214.1303467561365,68.41501421439781,5.5,3.2,0.28893232,0.4575808,0.66579866,0.8548212,1.038414,1.213222,1.3784437,1.5352626,59,0.996594628115047
0.9275370878202585,165.34146802869384,131.04693524934137,6.0,3.1,0.3055737,0.53416705,0.77951574,1.0088615,1.2260203,1.4305892,1.6213784,1.7997208,59,0.9999993745733031
0.5657151736150998,235.32958564731229,159.88116689985955,6.3,2.0,0.2238872,0.44718122,0.65309906,0.84950495,1.0331261,1.2040017,1.3608141,1.5050328,59,0.9999994006883759
0.8767862168955227,155.7494265413048,228.48372800491984,6.2,2.8,0.2738905,0.4902284,0.7119241,0.9206021,1.1174533,1.3028245,1.4757924,1.6370349,59,0.9998696431893231
0.924325096051582,178.231694329598,43.79979728321399,5.7,3.1,0.3137703,0.5484097,0.8038404,1.0398488,1.2640424,1.474287,1.6704168,1.8533106,59,0.9999834688735835
0.7071419575464016,186.14048448334617,41.20462104921842,6.8,2.2,0.2780769,0.58146024,0.871593,1.1471407,1.4017148,1.6345599,1.8450875,2.035408,59,0.9977481960627618
0.9806130425393716,91.23372358460824,330.8058717759259,6.7,2.5,0.2678163,0.5210149,0.7656994,0.9984963,1.2157438,1.4178491,1.6036782,1.7738566,59,0.9999999994380788
0.7504828808454299,274.5043352636467,156.5603547732775,6.2,2.8,0.23728085,0.3787861,0.5455847,0.7000601,0.8501041,0.9948709,1.1327617,1.2651191,59,0.9562404911829772
0.8738023940893846,217.52670528447,165.65591609284368,6.3,3.2,0.2826059,0.45249367,0.6523769,0.8402715,1.0212536,1.1932392,1.3570132,1.5127239,59,0.9982025702260273
0.8903305602411058,135.6149364994893,183.95881706717816,4.9,2.1,0.21889329,0.40559053,0.59287715,0.77015996,0.9372618,1.0938725,1.2394307,1.3744063,59,0.9999999999985558
0.908543403432019,177.47336920209017,153.11306864986523,6.4,2.9,0.27719426,0.47969294,0.70096135,0.9098878,1.1094775,1.2992692,1.4781003,1.6466074,59,0.999999992051599
0.9077205177020872,242.0130144928629,38.96365984599384,5.8,4.0,0.3354354,0.5140376,0.7475381,0.9591875,1.1646461,1.3574891,1.5409198,1.7150035,59,0.6773316699497919
0.7738481910840107,226.4705763401664,41.29673348490171,4.6,2.3,0.22507906,0.39658737,0.57477975,0.74361134,0.90245867,1.0527472,1.193763,1.3259528,59,0.9999999502570324
0.955990359396348,178.21393112063473,158.8739715475126,5.7,2.8,0.25294876,0.41867876,0.6110301,0.78821254,0.96016645,1.1245015,1.2803197,1.4278274,59,0.9999973653589432
0.7569503164144116,198.04931298006903,129.12778261771214,5.9,2.5,0.2645676,0.4922514,0.718297,0.93070745,1.1308451,1.3180633,1.4914026,1.6519341,59,0.9999930463321938
0.8976335656432493,198.78960747531545,47.53037702156861,5.5,2.5,0.2450378,0.42688942,0.6268563,0.8148818,0.9956019,1.1682818,1.3311698,1.4850965,59,0.9999901193072881
0.896465842518076,201.70387565843063,60.43798794343007,4.2,2.5,0.23091269,0.3870318,0.55908895,0.7211585,0.87351775,1.0181174,1.1542635,1.2828617,59,0.9991093604063053
0.8563816397516877,245.256819045765,100.45172675169847,6.5,3.9,0.32953763,0.5193603,0.7506759,0.9660232,1.1729505,1.3684866,1.5541852,1.7303112,59,0.986923858528962
0.9767375099443164,110.74094918932605,46.88487450587986,5.4,2.0,0.25092435,0.50081325,0.7503376,0.98852134,1.2112036,1.4175231,1.607445,1.7810888,59,1.0
0.8674625186396911,205.7706699209948,152.20264105484608,6.0,2.8,0.2537105,0.4233222,0.61633015,0.79553866,0.96881366,1.1343586,1.2913208,1.4401388,59,0.9999979289095176
0.9251077202529412,217.2126257314777,119.53463068023038,6.0,3.1,0.271672,0.4277594,0.6239402,0.80464506,0.9801388,1.1485872,1.3088188,1.4621196,59,0.9995375913914762
0.9343934023235884,120.0910681610844,119.16600426877126,6.7,2.6,0.30531502,0.6099067,0.90924454,1.1928911,1.4570935,1.7009547,1.9235857,2.1258438,59,0.9999999999281306
0.578966547383182,289.8062680422697,116.73533123117488,5.6,2.0,0.19298291,0.34776783,0.5000465,0.64550376,0.7847295,0.9178481,1.0437768,1.1625905,59,0.9997640313353838
0.8128457638946072,283.98414815764266,10.211070117206322,6.4,3.5,0.30762267,0.48857427,0.70929694,0.91480184,1.1144912,1.3035934,1.4837992,1.6555264,59,0.9998880773923601
0.9288418564682512,221.06917654368468,70.37646891191334,5.2,2.9,0.25677514,0.40821314,0.59208035,0.761045,0.9255953,1.0838077,1.2335296,1.375886,59,0.9985025103408364
0.6332552299018526,266.5181802154213,144.23873051512888,5.3,2.1,0.19349313,0.33891225,0.4852302,0.62467337,0.7580683,0.8857827,1.0065947,1.1212096,59,0.9496169055311846
0.9440706309721624,187.8514775230205,228.76777834678168,6.9,3.8,0.31691337,0.5020158,0.72285914,0.9309604,1.1309688,1.3206284,1.5013793,1.6733387,59,0.9825275167379779
0.7777915663960384,186.3797651981329,3.391745714429506,6.9,2.2,0.26234126,0.5251534,0.7864661,1.0381386,1.2766058,1.4992971,1.7055283,1.8955936,59,0.9999999726964605
0.9376254731697212,96.71352886653368,341.4232427344589,6.7,2.4,0.2527721,0.49327016,0.72415304,0.94401073,1.149894,1.3420885,1.5185056,1.6809447,59,0.9999999999998739
0.6382662404279338,219.7770362498804,137.20160757885878,5.6,2.1,0.22730827,0.4368961,0.6349304,0.82293606,0.9994266,1.1640708,1.3153803,1.4557383,59,0.9999936196506659
0.8304637753599302,215.0060604678233,70.90263564764334,6.9,3.5,0.3331585,0.59058833,0.85889506,1.1139133,1.3559024,1.5840099,1.797375,1.9970558,59,0.9999999992973407
0.9128763801947336,166.94285284085947,186.28873594174155,6.3,2.6,0.24574852,0.4305513,0.63226867,0.8220556,1.0055547,1.1809406,1.3469982,1.5040853,59,0.9952638074733343
0.9796720886181832,108.68421755892908,174.56925070015492,6.8,2.2,0.2459302,0.48325634,0.72277975,0.9536829,1.1743739,1.3821473,1.5755343,1.7555287,59,0.8498813334191958
0.9882536053766944,191.649270406454,42.64107866357816,5.7,3.1,0.28934336,0.47191,0.694216,0.89787817,1.0945692,1.2826467,1.4605975,1.6291156,59,0.9999994074750586
0.8992705946858479,94.9724294304214,205.14490361055587,6.6,2.1,0.26487947,0.5591135,0.8421202,1.1105232,1.3587387,1.5849631,1.7886453,1.9717681,59,0.9989043286626462
0.6209765761905577,278.44361369604496,62.87905831663538,6.7,2.4,0.24766994,0.46887946,0.68497515,0.89262056,1.0893033,1.2754586,1.4491501,1.6114042,59,0.9999999999839275
0.8052596308610924,233.8482677356014,33.69838549907853,5.5,2.5,0.24554157,0.4281776,0.6258092,0.81122303,0.9888835,1.1583006,1.3178282,1.4685197,59,0.9999999732724806
0.9999388139606752,146.40214662884492,124.32276185327488,6.5,3.6,0.34521198,0.60790324,0.8887279,1.1515753,1.3999522,1.632664,1.8496678,2.0519025,59,0.9999577130092
0.8951774849580318,216.1910344337089,98.05078020215126,6.2,3.1,0.28212142,0.46054316,0.67232513,0.8696027,1.0600562,1.2420435,1.4147334,1.5789037,59,0.9999985132927238
0.8110524526081988,200.4706438749922,75.53689912323014,5.5,2.4,0.24494123,0.44464874,0.6507704,0.8456166,1.0305953,1.2054436,1.3688941,1.5215306,59,0.999999999923336
0.9291124391934428,205.3108496077084,5.51024479708957,4.5,2.8,0.26051855,0.433347,0.62691903,0.81092215,0.9833505,1.1473885,1.3015146,1.4467559,59,0.9999929514475868
0.946136020168844,191.1931186912042,49.92070309475145,4.5,2.4,0.22012591,0.37531543,0.5450859,0.7082889,0.8624699,1.0097103,1.1492951,1.2812483,59,0.9999956329487817
0.9576039643547408,184.2164766658524,89.21189898545876,5.1,2.5,0.23324203,0.395746,0.57667303,0.74854517,0.91289616,1.0705256,1.2197523,1.361404,59,0.9999469181012315
0.7889123242988108,273.7881983171496,103.2038230270054,6.6,3.1,0.2699988,0.4329896,0.6246033,0.80653715,0.9836726,1.1527505,1.3146958,1.4697137,59,0.964892202390849
0.8547683921383964,250.43777462521945,0.5839831865864564,4.8,2.9,0.26417494,0.42635322,0.6146352,0.7908211,0.9594724,1.1203184,1.2717972,1.4150252,59,0.9983923736628026
0.7552343342546268,248.52760332686395,154.87435051201203,6.0,2.6,0.23125172,0.3864169,0.5598366,0.7201793,0.87607574,1.0260129,1.1691134,1.3050737,59,0.9998436142427458
0.9714438576764453,174.40809682305007,228.9036949177228,6.9,4.0,0.33121443,0.5311699,0.76879454,0.9916463,1.2047329,1.4065695,1.5983858,1.7801585,59,0.9983086206012343
0.7995969333851823,183.9864222499936,242.1030326476919,7.0,3.1,0.29532933,0.5331497,0.7666242,0.99171734,1.2045169,1.4053636,1.5933924,1.7692056,59,0.9999994080729178
0.8041701201902789,203.51341329842373,86.57547106135621,5.8,2.2,0.21930146,0.40051222,0.58914137,0.769094,0.94225264,1.1071908,1.2636583,1.4106925,59,0.8270270881032662
0.9402414974460848,116.5316876636562,319.1214389295898,5.6,2.1,0.1971674,0.35651374,0.5176604,0.671854,0.8191719,0.9596114,1.0919695,1.2166204,59,0.9999996624026349
0.6722134338295309,258.79380137653493,114.45674276708822,4.9,2.1,0.19389725,0.3364148,0.4830606,0.6228764,0.755955,0.8833623,1.0037582,1.1176984,59,0.9824925616969006
0.779252289094502,267.0880552438271,154.97853727021402,6.0,2.7,0.22863936,0.3622749,0.5235517,0.6706567,0.8149433,0.9545431,1.0880308,1.2159781,59,0.6469731316202174
0.892613617806111,196.4273232274068,69.80423075897502,5.3,2.5,0.24286842,0.42060852,0.61481047,0.7977927,0.97265935,1.1396589,1.2969625,1.4455376,59,0.9999999652320112
0.9055197285694064,156.05755415192812,23.63596379900792,6.8,2.7,0.30804968,0.59322333,0.8823707,1.1569645,1.4153726,1.6566403,1.8795731,2.0849807,59,0.9999999999999982
0.8195278360138081,270.430999417262,44.51109424166573,7.0,4.7,0.36315298,0.592051,0.8667083,1.1173105,1.3535538,1.5772481,1.7898955,1.9914603,59,0.7724885163067995
0.6876638512650135,186.94486458739595,205.39564246331457,6.8,2.3,0.2453556,0.48491812,0.7114856,0.9276135,1.1314073,1.3217225,1.4970918,1.6591249,59,1.0
0.7536535071828832,173.4995800047438,163.95006900019246,6.2,2.0,0.21593928,0.41752195,0.6167767,0.80803776,0.9905603,1.1629932,1.3242307,1.4744692,59,0.99999950555593
0.7736749986756764,228.6848879541949,29.50999639988723,6.2,2.6,0.2671759,0.48643947,0.715724,0.93205404,1.138725,1.3346255,1.5180333,1.6895583,59,0.9999999999272688
0.901469172865137,154.50317538098673,95.48064011099412,5.3,2.5,0.27099037,0.4993124,0.73213935,0.95036244,1.1550181,1.3459501,1.5225558,1.6859608,59,0.999997327477353
0.9960330705444764,198.9450042904036,85.01265772787488,6.7,4.9,0.36931705,0.5858078,0.8700285,1.1222668,1.3625774,1.5888844,1.803976,2.0075722,59,0.8325166362606959
0.9436178422506843,168.17827594168716,74.66646819281829,6.7,3.4,0.3364613,0.60010386,0.8794899,1.1429386,1.39257,1.6266975,1.8451204,2.0490284,59,0.9999999999752056
0.869751450771235,190.5243446835821,10.647300423137862,6.4,3.2,0.33579278,0.61312795,0.8990288,1.1675925,1.4197664,1.6550508,1.8734031,2.0751524,59,0.9999949499411356
0.7412089807243382,279.778706315686,63.97753889720752,6.6,2.9,0.26682377,0.45091438,0.6534102,0.8462055,1.0321796,1.2096181,1.3783445,1.538652,59,0.9999914054854323
0.8811065065093793,161.43843238400527,115.69796377480333,5.6,2.2,0.22792983,0.42307734,0.6236441,0.8148563,0.99709964,1.1706293,1.3326511,1.4843097,59,0.9999998842924476
0.9833386657225832,137.3121285988381,172.6240501041489,5.5,2.7,0.27084327,0.4786923,0.69888663,0.9039335,1.0987179,1.2818828,1.452482,1.6115386,59,0.9999996652325641
0.5303573969121826,281.4012761047157,89.60408980385277,7.0,2.2,0.24679112,0.50234294,0.73894644,0.96447635,1.175349,1.3704793,1.5495038,1.7137606,59,0.9999999974153937
0.8059332880667351,260.8966471755058,74.65692959933254,6.8,3.8,0.32901788,0.53802323,0.776829,1.0018704,1.2172396,1.4210875,1.6142747,1.7977006,59,0.9995803190607607
0.8757699356804431,139.9619708325458,35.79282033315758,5.1,2.0,0.24657011,0.4865806,0.72362924,0.9479239,1.1576438,1.3516304,1.5287368,1.6915867,59,0.9999999999999973
0.616075594816117,245.96639973551467,195.7792122285642,5.5,2.1,0.19906282,0.3555634,0.50744796,0.65179276,0.7890403,0.9197595,1.0425084,1.1586661,59,0.9976104891011806
0.7622615933390131,157.203796024677,265.7403341166148,6.2,2.2,0.2263174,0.4299922,0.6251817,0.81104827,0.9866464,1.151763,1.3046532,1.4468713,59,0.999999999989365
0.957995907741454,179.37937902478595,50.6918042692877,6.7,4.0,0.36410475,0.6306596,0.92716646,1.2019129,1.462389,1.7068682,1.9361157,2.1499782,59,0.9999999838446617
0.9776289811523028,184.3244778116324,10.909322297583302,5.9,3.5,0.33383274,0.5604522,0.8245518,1.066879,1.2985289,1.5167682,1.721473,1.9138196,59,0.9999999346975968
0.815561546194179,278.48642597696426,98.76009931753038,6.7,3.8,0.314152,0.48302388,0.6947863,0.8927672,1.0848567,1.2668221,1.4410274,1.6070664,59,0.644184586226912
0.7499809393520835,188.16365395110765,133.70800987735598,6.4,2.6,0.28239298,0.5449817,0.7987325,1.0387478,1.2633793,1.4719913,1.6637785,1.8399627,59,0.9999690056989421
0.8807055902344325,196.46661446322327,81.46263345120856,6.7,3.6,0.3399682,0.5946295,0.8651221,1.120228,1.3618162,1.5887034,1.8016808,2.0005252,59,0.9999994668957903
0.9016452075245418,172.02681057384834,82.78024397856285,6.7,2.7,0.27908683,0.50976396,0.75313306,0.9844835,1.2057478,1.4149592,1.6114886,1.795491,59,0.9999999346464662
0.7205813786604227,258.65887880222704,67.05283240455687,6.5,2.5,0.24477077,0.43732405,0.63976645,0.8323183,1.0173156,1.1941264,1.361685,1.5197749,59,0.9997802785416025
0.8360148872738211,136.54778375062247,372.4732495246391,6.0,2.3,0.20951724,0.37255406,0.53285956,0.68410945,0.828285,0.9649646,1.0932364,1.2138863,59,0.9572405020611
0.8666562945071905,145.23382067009905,337.9514448890741,6.3,2.4,0.21831036,0.38470554,0.5555177,0.71696305,0.8720424,1.0198972,1.1596646,1.2918689,59,0.9999919932694624
0.8664227806850078,160.4034035543017,45.15971870338773,6.7,2.4,0.27377486,0.53425646,0.7974613,1.0491681,1.2870698,1.5102441,1.7171948,1.9081295,59,0.9999999999473079
0.668159421975437,288.65127047258693,58.86638208273802,6.7,2.6,0.24978375,0.44596958,0.6493392,0.84387803,1.0305221,1.2092028,1.3782752,1.538307,59,0.9999642125041164
0.9902496673446776,175.1306244889884,15.839064151165694,6.1,3.5,0.3376143,0.57509065,0.8474295,1.0984375,1.3382323,1.5635417,1.7750351,1.973222,59,0.9999999888805284
0.8950159322175655,149.6412430201532,189.0217451056087,5.3,2.5,0.25527716,0.45854163,0.6657531,0.85987496,1.0426183,1.2140326,1.3730428,1.5206137,59,0.860286359342733
0.8337669809598429,272.85906346752864,51.669624488550525,6.5,3.8,0.3217361,0.5014169,0.72586274,0.9341948,1.1357906,1.3266175,1.5084407,1.6817625,59,0.9793111402974619
0.887840346064084,255.82099463202485,93.65427794400624,6.7,3.9,0.31993508,0.48406243,0.7033813,0.9047458,1.1016753,1.2880757,1.4669583,1.6375282,59,0.9755875451804492
0.888607517841238,173.8756901432483,99.08241224334505,5.7,2.4,0.24181318,0.43786573,0.64456964,0.84004426,1.0266695,1.2039063,1.3706887,1.5268583,59,0.9999999909909754
0.7621143022173933,231.84011324052327,84.78048902757722,6.1,2.5,0.24773693,0.4419539,0.6469307,0.84001946,1.0250323,1.2011862,1.3673804,1.5236101,59,0.9999999950126615
0.9453517971046994,116.20796707526276,25.969810330757248,6.6,2.4,0.30956364,0.6354637,0.95639634,1.25895,1.539026,1.795347,2.0275414,2.2380984,59,0.9999856482374337
0.5467779642140381,267.9632615969859,102.0616479451852,6.9,2.2,0.24700308,0.5014372,0.7369957,0.96119094,1.1706798,1.3642828,1.5418637,1.7046766,59,0.999997800432226
0.9504983209837488,177.1345171004281,5.051048586667539,4.9,2.9,0.2945087,0.50847936,0.74263525,0.96015334,1.1654992,1.3584046,1.5377946,1.7050266,59,0.9739235386130103
0.9789924619008876,191.8421154471007,91.98693846821612,6.8,4.8,0.37224388,0.6106205,0.90307903,1.1660147,1.4148993,1.6496358,1.8716536,2.0816865,59,0.9894314625358427
0.9966644023436452,215.32102862280925,46.49570893130935,6.7,3.8,0.3237574,0.50009847,0.73720574,0.95173097,1.1630847,1.3631608,1.5542691,1.7373087,59,0.9984617605435894
0.9212436692767652,163.270161591503,114.42467143503352,6.5,3.0,0.30149078,0.5437176,0.7986932,1.0398722,1.2689195,1.4844561,1.6861076,1.8742781,59,0.9999999999682032
0.8232459009011004,131.1326745601392,254.9150610569614,5.7,2.1,0.22414684,0.43097234,0.62971973,0.81867146,0.9962368,1.1621675,1.3147318,1.455756,59,0.9999999999749782
0.9832619599096524,90.28214891083115,83.69354676718518,6.8,2.2,0.2983849,0.630877,0.95523024,1.2625442,1.5451646,1.8024974,2.0337267,2.2423844,59,0.9986567010291887
0.7889869336551898,249.9016411884681,65.27130688289704,6.5,3.1,0.29104352,0.49505234,0.71849823,0.9305339,1.1339693,1.3270645,1.5096378,1.6825004,59,0.9999998024617707
0.9641562860500494,82.66614571612054,251.30143540992685,6.6,2.1,0.25267148,0.5231774,0.7854142,1.0364511,1.2703941,1.4854565,1.6813328,1.8590093,59,1.0
0.9763134810401012,107.59888469700674,146.61878271178858,6.9,2.6,0.30286646,0.6050947,0.90330076,1.1868591,1.4518826,1.69718,1.9216859,2.1261904,59,1.0
0.6812530675455499,286.88232885735584,46.43266127805457,4.9,2.2,0.20357037,0.3505156,0.504024,0.65098023,0.7906258,0.92414737,1.0507159,1.1705289,59,0.997461583413307
0.757116490823436,243.41400980964207,40.94831881108965,6.2,2.6,0.25850415,0.46216655,0.67798233,0.8817527,1.0772085,1.2627499,1.437702,1.6024392,59,0.9999999881162331
0.6166653274420986,264.5481468549229,70.12817918389457,5.8,2.1,0.21822715,0.4114492,0.60008454,0.7805865,0.9521315,1.1145585,1.2663314,1.4081428,59,0.999999999841755
0.7961149227497708,127.805902049843,363.0451035510756,6.9,2.2,0.22051287,0.4247079,0.61692166,0.8017893,0.9770267,1.1423297,1.2958667,1.438643,59,0.9999999999980922
0.9802904664984132,128.58032757237544,25.145760864975703,5.9,2.5,0.29648924,0.5714507,0.8520665,1.1156943,1.3626258,1.5918169,1.8024864,1.996264,59,1.0
0.7449632490715561,156.203582498494,109.5727926308858,6.9,2.1,0.2610414,0.54677033,0.8223765,1.0861156,1.3317897,1.5574613,1.7626355,1.947993,59,1.0
0.6547096254917495,287.753747686408,101.42292292791302,6.9,2.7,0.2568469,0.45667696,0.65860176,0.8534453,1.0395365,1.216759,1.3842533,1.5425918,59,0.9999998908608798
0.8116706756346543,226.5825178188791,50.74713356579168,5.1,2.2,0.20781183,0.36603737,0.53301454,0.6939175,0.8474226,0.99481773,1.1348476,1.267736,59,0.8026597113725034
0.7056996640428048,206.2437877452484,202.501949281226,6.5,2.2,0.21626711,0.40202522,0.585469,0.7611654,0.92984366,1.0904477,1.2419372,1.3843381,59,0.9999994041361296
0.9686925503160784,116.52184674661444,163.75981760785874,6.8,2.8,0.30866456,0.6002989,0.88880444,1.1624603,1.4182663,1.6560941,1.8746524,2.074883,59,0.9999999999999991
0.922356399374128,116.46787035633504,372.4360945046289,6.4,2.6,0.24752188,0.44657755,0.6436651,0.8308821,1.0074139,1.1743546,1.3299687,1.475218,59,0.9980322369912388
0.91627883723436,124.17748389792987,307.1141372163543,6.9,2.9,0.28865862,0.5375135,0.7795565,1.0116448,1.2288485,1.432313,1.6213284,1.7960811,59,0.9999876397523904
0.8470327333709562,266.4721182191238,0.5349634429991479,6.8,4.5,0.36232996,0.58634806,0.8622799,1.1131124,1.352274,1.5785313,1.7932115,1.9962821,59,0.9978347600981922
0.7652071099532431,268.01902670065857,36.634464551157954,4.9,2.5,0.2309339,0.38579178,0.55566335,0.7161107,0.8693061,1.0154514,1.1537409,1.2846463,59,0.9986994354144483
0.9595140199195882,119.96634000682776,248.1062266461641,6.0,2.4,0.24331069,0.45028496,0.66101074,0.86052537,1.0495954,1.2281246,1.3941557,1.5489128,59,0.999999999996664
0.9617751888387308,153.78747134750745,192.78740739605288,6.9,3.1,0.29461884,0.5156667,0.75231624,0.9784827,1.195055,1.4009013,1.5945945,1.7776499,59,0.9999999943467657
0.9615081105950556,210.99626347024352,49.888915023263046,5.6,3.7,0.32583308,0.5085218,0.7400019,0.94983697,1.1524961,1.3435185,1.524102,1.6954277,59,0.9350886307525201
0.7789658731776353,226.56945769969508,24.65583607196136,6.4,2.6,0.26841807,0.4916308,0.7247634,0.9454529,1.1568737,1.3569,1.5445392,1.7205021,59,0.9999999959959851
0.9738469013751816,160.86533353495042,143.51921841731837,5.9,2.9,0.278167,0.4753263,0.6966405,0.90252614,1.0996752,1.2870235,1.4630513,1.6288996,59,0.9999999761441568
0.9809397925434596,88.59227684429574,276.42164735255915,5.9,2.1,0.2321291,0.4570794,0.67650986,0.88582134,1.0828185,1.2661424,1.4348068,1.5897458,59,1.0
0.8191326896631392,204.37203498513827,8.929451960240176,6.6,2.9,0.3109181,0.57994413,0.8536465,1.113184,1.3579488,1.5872545,1.7998848,1.9971251,59,0.9999999999999698
0.9761777544612718,168.1737248924411,235.51657077142588,5.5,2.7,0.23452044,0.3783319,0.5468526,0.7013309,0.852016,0.9967482,1.1338937,1.2646527,59,0.9734907886875515
0.7541629877191931,291.0792679788352,75.987504625737,6.6,3.3,0.28923273,0.4677937,0.6713495,0.86488175,1.0521276,1.2297156,1.399092,1.5604174,59,0.9987104817496923
0.9417658137255512,218.97045613313136,206.2670651154608,7.0,4.0,0.31487942,0.46939135,0.6802025,0.8739896,1.0634384,1.2434621,1.4171667,1.5829506,59,0.8580904413092973
0.9945115999798833,173.87546099543397,43.818002179367085,5.7,3.1,0.3010714,0.506722,0.7457957,0.9658232,1.1769462,1.3771753,1.5651364,1.7427182,59,0.9999999056641089
0.9623511343920728,93.30460935238456,147.08097776018542,6.7,2.3,0.29064465,0.6072519,0.91442204,1.204098,1.4715822,1.71574,1.9361584,2.134452,59,0.8713745801447463
0.9218255568147296,211.70564759596573,127.49512964916777,5.2,2.7,0.23474002,0.37632728,0.54314494,0.69848776,0.8488617,0.9941077,1.1316335,1.262672,59,0.9924216605533684
0.922736969709658,171.13143662688793,19.23467105902961,5.1,2.2,0.22894168,0.41979957,0.61908054,0.8102133,0.9922128,1.1653788,1.3276045,1.4797144,59,0.9999898533118233
0.6941064997865742,262.2143758529997,196.9485786910405,6.2,2.4,0.20677352,0.34821272,0.50136065,0.6440325,0.7827666,0.9167721,1.0446405,1.1675115,59,0.8449492034591486
0.8975068693597348,256.9286219651822,95.28419472473462,7.0,3.9,0.3174894,0.47933555,0.69860864,0.89904904,1.0963523,1.2834871,1.4635694,1.635874,59,0.9977918641622628
0.7511085168837368,280.56849574005975,76.21561810560293,6.3,3.5,0.31006408,0.5056741,0.72455525,0.9317963,1.1298306,1.3168342,1.4939635,1.6617792,59,0.9884394234365952
0.9975608311695036,184.77986842686656,163.71632183757563,6.4,4.2,0.34238005,0.53202486,0.774693,0.9967847,1.2095432,1.4103365,1.6009965,1.7817492,59,0.9470498149362282
0.9975723455808124,177.01852367785256,112.36553445410271,5.7,2.9,0.26663733,0.4378898,0.64199805,0.8301594,1.012043,1.1865516,1.3513184,1.5076838,59,0.9999984513550207
0.6438650342268004,258.36309992794827,169.52680002407132,6.6,2.7,0.26249075,0.4759004,0.682194,0.87959313,1.0659726,1.2418396,1.4064739,1.560384,59,0.8170461812312882
0.9658430377818232,102.91233453700842,322.64680431222195,5.8,2.4,0.24322987,0.45136046,0.65637994,0.848861,1.0300596,1.1992965,1.356075,1.5005298,59,0.9986500368382192
0.9266659317009642,111.53315870991626,35.2159371567347,6.2,2.0,0.26922894,0.5584173,0.84375644,1.1158388,1.368921,1.6012547,1.8118706,2.0031948,59,1.0
0.9929403674695272,178.0611709022183,24.29360289738472,6.9,4.8,0.39142275,0.6807518,1.0100799,1.3071675,1.586865,1.8498516,2.0965543,2.3276596,59,0.734287200738238
0.9956965898743368,195.5049811686532,23.76816238423367,5.1,3.2,0.29536843,0.4723332,0.6887939,0.88581467,1.0760889,1.2572646,1.4275842,1.5889573,59,0.9996598517163668
0.8753358517734493,164.0058249426692,64.03849397091803,6.5,2.4,0.2628212,0.50174093,0.7467902,0.9805012,1.2030947,1.4127369,1.6086557,1.7901466,59,0.9999999314500686
0.8329792710542445,185.20264649241224,299.3286365162422,6.3,2.5,0.21777868,0.36427045,0.52498984,0.67481184,0.820415,0.96033454,1.0937431,1.2213373,59,0.9979890479072251
0.9893290726479153,213.0875111802685,12.05311745999258,6.6,4.5,0.36326075,0.57393503,0.8542938,1.1030874,1.3439889,1.5703926,1.7864537,1.9904761,59,0.9936975704944762
0.9744193607394478,256.08140454378,19.761216679591698,6.8,4.2,0.3329916,0.48380136,0.7198305,0.9248047,1.1295409,1.3225679,1.5092158,1.6875777,59,0.7441806928019189
0.8565137348663716,223.9312500758012,41.936515578439824,6.9,3.0,0.2850356,0.49306774,0.7232721,0.94247437,1.154253,1.3563533,1.5479221,1.729662,59,0.8870484010586539
0.8128800027309662,175.17946167794068,273.3550997802689,5.8,2.3,0.20569134,0.35890436,0.51735306,0.666801,0.8102906,0.9476247,1.0780134,1.2012124,59,0.9996946695280454
0.7399163312367047,179.44503132996297,82.77102867102313,5.7,2.1,0.24502587,0.48583317,0.7185147,0.939358,1.145716,1.3372002,1.512744,1.6738019,59,0.9999999999999591
0.9593882822113527,92.16690142265492,384.2949757044787,6.8,2.4,0.24240136,0.46472573,0.67904806,0.88434863,1.0774753,1.2589862,1.4269133,1.5825315,59,0.9999999999999964
0.968439323202475,100.15932847293904,166.06993289476733,5.9,2.1,0.2473979,0.49525595,0.7403352,0.97447133,1.1940188,1.3982682,1.5851128,1.756696,59,1.0
0.859528228871778,198.52941661772857,153.24274988309932,6.9,3.7,0.3357842,0.57922626,0.83621716,1.0802681,1.3110678,1.5286739,1.7332833,1.9245827,59,0.9967872997097095
0.9163084800762094,197.4075591667193,99.52404675253456,5.1,2.4,0.21668458,0.36894464,0.5363834,0.6964412,0.84990144,0.9973414,1.1376686,1.2709379,59,0.8790077676431751
0.7168010332564587,216.382575419343,21.208334166124487,5.3,2.1,0.23458838,0.44926333,0.660866,0.86235213,1.0525088,1.2301114,1.3948796,1.547132,59,0.9999999999999947
0.6034099030768361,271.42057790783946,144.8495601429308,5.9,2.3,0.22230077,0.40356922,0.58028436,0.74720716,0.90549874,1.0557747,1.1966438,1.3290973,59,0.9999594410972956
0.7027107919360374,195.16587561309808,92.98541077318028,6.4,2.1,0.23973441,0.47886515,0.71077704,0.93348837,1.1436107,1.3401573,1.5215409,1.688581,59,0.9999999999999769
0.9505852221025092,186.274610193924,139.24601798171147,4.7,2.7,0.23912096,0.38750672,0.5562978,0.71634674,0.8672483,1.0114679,1.1480627,1.2771046,59,0.9386807355866077
0.8350992600129727,176.23869747656644,144.25408165730192,6.3,2.3,0.22883797,0.42378354,0.6253743,0.81752586,1.0023851,1.1786573,1.3448994,1.5009565,59,0.8808967355033338
0.9854326043682556,170.6881120427622,113.9425354741939,6.1,3.7,0.3375895,0.55966115,0.815078,1.0516794,1.2767179,1.4882872,1.6872447,1.874161,59,0.9702098556135058
0.9244353275037448,228.64094024426524,41.51926180902148,6.7,3.6,0.31766915,0.50743127,0.7419908,0.9589679,1.1706879,1.3710229,1.5624821,1.7447879,59,0.9999947492667338
0.8833980235586447,122.78958594056536,191.08599188264765,6.9,2.2,0.2497735,0.49916768,0.7445884,0.9806285,1.2045004,1.4130988,1.6063831,1.7844934,59,0.9999999999229074
0.5763000580654499,290.25225856612025,108.723456201154,5.5,2.1,0.2039504,0.36819172,0.52862287,0.6810019,0.8261318,0.96404314,1.0943379,1.2167385,59,0.9999521579765072
0.7572881475507456,271.4537900971072,189.58734812763137,6.5,2.9,0.24339509,0.38389277,0.54868627,0.7051456,0.856652,1.0022378,1.1414814,1.2752252,59,0.8510542338370758
0.6773340440353475,287.6380074322422,8.49703392537533,5.5,2.4,0.23653412,0.41994882,0.61029005,0.78931427,0.9605012,1.122941,1.2759614,1.4195373,59,0.9999999575744107
0.8764251277995438,175.461998901596,318.0785949092701,6.2,2.5,0.2125566,0.34869242,0.5028429,0.6449375,0.78357315,0.9176786,1.0453761,1.1677067,59,0.9454260690721585
0.8590482881536463,199.5763936988137,24.151353500639505,6.4,2.7,0.28015876,0.50658345,0.74801135,0.9759762,1.1936572,1.3994148,1.5927951,1.7737,59,0.9999999994409805
0.7771036063591199,180.43732775335184,226.68413145579547,6.9,2.6,0.2573037,0.47814083,0.696141,0.9055083,1.1048334,1.2934651,1.4698565,1.63502,59,0.9999999999090861
0.6487992339226236,197.3045144943393,344.14869562314243,6.9,2.1,0.18669653,0.33906555,0.48329997,0.6232898,0.7580118,0.8880873,1.0119328,1.1300211,59,0.8625066597537064
0.7054702062512109,248.1164520617276,29.339603984695817,6.6,2.4,0.2505672,0.47096252,0.6942296,0.9079912,1.1121838,1.305718,1.4871328,1.6568606,59,0.999999679486386
0.9230829740909472,132.3886216704941,303.21237293415686,5.6,2.1,0.18936944,0.33587313,0.4868965,0.6316924,0.7710712,0.90463996,1.031209,1.1519833,59,0.7346985392555129
0.7963040602583885,175.3626408134897,88.23265044991868,6.8,2.3,0.25412583,0.49822307,0.7412708,0.97496796,1.1970687,1.4061096,1.6004043,1.7803543,59,0.9999999386027968
0.9059192219128368,110.46041085564477,269.0491481082293,6.5,2.4,0.26226187,0.51608944,0.76111937,0.9934454,1.2107003,1.4118686,1.5966301,1.765971,59,0.9999999994969953
0.891045029864864,181.9692430147853,116.13564097735906,4.6,2.1,0.19246745,0.33657765,0.48877072,0.6366644,0.7772503,0.91182685,1.039485,1.1603539,59,0.970189866874245
0.8863244144336198,176.01556314980405,171.10241388730194,6.5,2.6,0.24755955,0.43744326,0.64250755,0.8369014,1.0244265,1.2038336,1.3736348,1.5344217,59,0.9036133658097047
0.6785238775474878,244.00611462882063,131.43998771091003,6.2,2.3,0.22220898,0.40523243,0.58972526,0.7652106,0.93325114,1.0933771,1.2444456,1.3865831,59,0.9999999834813807
0.9982979736610522,182.22823053373932,131.92388311502157,5.6,3.2,0.28687072,0.4545076,0.6617334,0.85034275,1.0333962,1.2075038,1.3722258,1.5285773,59,0.9981935147221971
0.8220041371769369,216.3766465578259,167.27577293399008,6.1,2.7,0.24628878,0.41391826,0.6010325,0.7753167,0.94358516,1.1047413,1.2575626,1.4027545,59,0.9999950136930743
0.8838968202471544,268.3324899809153,45.70795753362869,6.7,4.1,0.3317275,0.5010457,0.7328439,0.94270754,1.1471739,1.3411875,1.5274882,1.7046461,59,0.9522769606800626
0.886642626416259,169.21449358948126,188.465362331103,5.0,2.1,0.18976903,0.33206987,0.48127222,0.62538266,0.76329494,0.89546347,1.0208945,1.1403842,59,0.6541755265243708
0.9135187711521512,126.86151116087431,77.08676803336547,6.7,2.3,0.2752142,0.5543144,0.832073,1.0970378,1.3462319,1.5775328,1.7904403,1.9855454,59,0.9999999999999818
0.9607390082126488,180.519481835098,10.548753577827874,3.5,2.1,0.18460059,0.32947135,0.47051692,0.611696,0.74546504,0.87239957,0.9929776,1.1071346,59,0.9723314962849732
0.8168337446731497,192.9572971157516,286.32528838939805,6.9,2.8,0.24517155,0.41511488,0.59474397,0.76805115,0.9342184,1.0931938,1.2445879,1.3885279,59,0.999930468198569
0.8261360715650612,209.92780824791936,88.95436124591032,7.0,3.2,0.3135178,0.56089354,0.81583023,1.0595665,1.2913351,1.5104113,1.7159152,1.9083142,59,0.9999999990729656
0.9851391237457948,168.1356161623454,213.1274166113515,5.4,2.5,0.217556,0.35808706,0.51980734,0.6702125,0.8165405,0.95773506,1.0923793,1.2206419,59,0.6239516898300757
0.7878836428819537,200.1617129763553,168.23680675614327,5.9,2.3,0.21619105,0.38698578,0.56453633,0.73315597,0.8952987,1.0498347,1.1966627,1.3355844,59,0.9998596375900546
0.9985879032253278,239.70245045149136,15.320071233648491,6.6,4.2,0.33754206,0.49654818,0.73879814,0.95012665,1.1597605,1.3577757,1.5483241,1.7301826,59,0.9845094886820684
0.8430306990795609,272.69573893883296,64.42143971646819,5.8,3.1,0.26654172,0.4101045,0.59586024,0.76478887,0.9300084,1.0893049,1.2409286,1.3864284,59,0.991892810269378
0.926109794312493,159.74360301198553,4.877484654185293,6.2,2.7,0.30274248,0.56691027,0.84131956,1.0994287,1.3428085,1.5702899,1.7806652,1.975436,59,0.9999999999999929
0.9510352928801924,194.9376072216725,56.22435778894235,4.7,3.0,0.27301097,0.44396472,0.6417506,0.8261738,1.0018616,1.1685934,1.325254,1.4730129,59,0.9991242565686461
0.979439977862394,186.13341562325024,238.3539950435121,6.3,3.3,0.27587724,0.42257643,0.6088557,0.7831242,0.9527118,1.1137455,1.2675369,1.4149497,59,0.9361213773553444
0.6656645749098246,280.7894688026762,34.918852938467815,6.7,2.5,0.25342083,0.4652021,0.68047047,0.88633513,1.0832021,1.2704761,1.4464419,1.6118207,59,0.9999999836149255
0.7894663603717628,205.0427842812892,130.78185445780974,5.1,2.1,0.19721603,0.35024643,0.50847125,0.6608679,0.80657053,0.945951,1.078099,1.2029309,59,0.9989523949147813
0.7895946417784003,177.9895165344148,235.2441169679512,5.5,2.1,0.19467115,0.34680986,0.501091,0.64887094,0.7903402,0.9254763,1.0534155,1.1748302,59,0.9999802015096827
0.953970064495082,168.49586546495874,45.04341706281605,6.7,2.7,0.27746272,0.49925327,0.7408135,0.9698703,1.1900117,1.3997171,1.596936,1.783179,59,0.7731045066882772
0.8674880293121754,216.6926193753015,111.32923234846434,6.9,3.3,0.30044866,0.505373,0.73342395,0.94972205,1.1585901,1.3568342,1.5447819,1.72347,59,0.9999997708630484
0.7367646985612011,195.27664549726907,289.08905418155564,6.4,2.6,0.24064803,0.42399406,0.60638165,0.7791817,0.9437454,1.0996892,1.2469039,1.3851559,59,0.987616933647976
0.8868513018881294,172.9934081399246,48.50535049948923,6.1,2.7,0.2901864,0.5351043,0.79000497,1.0293658,1.2561092,1.4685566,1.666146,1.8496258,59,0.9999999999997904
0.7168966534797734,212.6363711560415,190.8776367677162,6.3,2.3,0.2198019,0.4011941,0.583405,0.7569227,0.9231379,1.0816948,1.2313478,1.3724062,59,0.9999999484613951
0.7816441418327993,135.6020402842102,278.76870645305075,6.2,2.0,0.21492648,0.41902375,0.614429,0.8011379,0.97763014,1.1428845,1.2960036,1.4374857,59,0.9999999999999893
0.7699896499663479,217.8435603189308,17.20458417837154,6.2,2.7,0.2926998,0.54627824,0.8023889,1.0437057,1.27076,1.4827068,1.6792686,1.861047,59,0.9999999999345093
0.8600663475608701,170.001235139571,255.8680460691137,6.6,2.7,0.25209975,0.44103813,0.6388304,0.8276217,1.0081651,1.1800604,1.3422549,1.4954593,59,0.9999999194660948
0.6432638194305488,243.77016565237045,139.69257954757998,6.9,2.3,0.23058724,0.43778467,0.639616,0.8338647,1.0195117,1.195642,1.3613341,1.5162776,59,0.9999999857450117
0.8483430937262266,230.34161560983492,96.2025604010108,5.7,2.9,0.26456118,0.43294907,0.62889624,0.80907655,0.98360085,1.1502213,1.3078146,1.4572873,59,0.9998844011231012
0.849623426603086,215.6914091965185,51.35854103291333,6.3,2.9,0.28386736,0.49347472,0.72375226,0.94015884,1.1474404,1.3440976,1.5291405,1.7037978,59,0.99999999655763
0.8299488744507415,257.6405130481738,115.49019119659792,6.9,4.5,0.34970284,0.55411625,0.8047519,1.0360742,1.255022,1.462635,1.66008,1.8479033,59,0.7279965716698453
0.9229979020941566,241.14907915894992,44.38422561370996,5.8,3.6,0.30986977,0.4720652,0.6871731,0.8819697,1.0719821,1.2515485,1.4224074,1.5854304,59,0.7680051110482283
0.8017840879282592,239.73772010813445,2.74646566054444,6.7,3.6,0.3457203,0.6110933,0.88855815,1.150655,1.3981283,1.6303318,1.8475487,2.0503566,59,0.9999016040988434
0.7439774797745942,197.39019494457585,264.7372453314971,6.5,2.3,0.20679331,0.36833358,0.5322273,0.6885326,0.8393564,0.9840727,1.1212869,1.2520318,59,0.9986617035547773
0.790344287444317,260.069719441723,116.9574089164207,6.2,3.5,0.3046751,0.48621154,0.6960604,0.89373183,1.0831754,1.2622902,1.4322441,1.5935256,59,0.9067622951645562
0.9492590678718776,128.02659480052404,60.32019110256712,6.9,2.5,0.29754043,0.5885093,0.8804977,1.1588974,1.4205849,1.6640773,1.888236,2.0939865,59,0.9999999999999982
0.5715303320162619,281.5662850344368,150.7970311602369,6.9,2.2,0.21528554,0.40411496,0.58461356,0.7588403,0.92604756,1.0853174,1.2356713,1.3769898,59,0.9999999012505802
0.5654036611792709,280.8504387394685,120.58442876036324,6.3,2.1,0.21066213,0.39756274,0.5764458,0.74860287,0.9132197,1.069565,1.2167718,1.3542943,59,0.9999999960872685
0.8632330677518296,196.5607309661335,45.54673953424256,5.7,3.0,0.30246115,0.5323417,0.77850676,1.0067191,1.2232647,1.4260921,1.6153831,1.7920499,59,0.9997882433646529
0.92470111708819,190.4004805080804,90.06441536597345,6.1,3.3,0.31062078,0.52254486,0.7626517,0.98605514,1.1992462,1.4003503,1.589844,1.7682683,59,0.999999788449782
0.6286785903255079,295.7090227192842,169.272913582,6.8,2.6,0.23139286,0.39867353,0.5705123,0.7354121,0.8945141,1.0470841,1.1929321,1.331538,59,0.999842660559187
0.6771065786024086,233.2765949037518,206.4147024713042,6.8,2.7,0.2611084,0.4751997,0.6821587,0.88104415,1.0693243,1.2469554,1.4135516,1.5694125,59,0.9999913035974586
0.7358232086857199,230.02938074980528,122.8955228636273,6.6,2.8,0.27499533,0.4977033,0.7227173,0.9372978,1.140688,1.3329158,1.512877,1.6814213,59,0.9999999997403144
0.8691679943069055,204.8208781471572,20.64826831775597,5.2,2.6,0.2594087,0.4540236,0.66392064,0.86143565,1.0494225,1.2276688,1.3947768,1.5517843,59,0.9999999954406427
0.9712214339738704,181.9725976872283,203.54296026265183,6.0,2.9,0.25205445,0.40171933,0.5854428,0.7541976,0.91878486,1.0767004,1.2271252,1.3707442,59,0.9984746071538377
0.718348353934775,173.98950111106797,215.9735417996588,6.2,2.2,0.23613834,0.45835757,0.66910887,0.86914825,1.0574279,1.232595,1.3941903,1.5430624,59,0.9999999978778966
0.948227063190232,122.73486152001304,314.4558239719172,6.0,2.3,0.21316004,0.3825481,0.5568359,0.72211957,0.88053536,1.0315378,1.1739271,1.3083236,59,0.9999999151436789
0.8240555806666956,265.46557880388303,41.850612293491984,5.6,3.2,0.28747797,0.45446777,0.6573498,0.84236526,1.0215287,1.1920753,1.3536062,1.5069151,59,0.9496140804563258
0.8185422979951802,220.5768687508315,44.52595335160958,6.0,3.1,0.30785894,0.5381918,0.7840979,1.0141697,1.2321138,1.4373512,1.6290689,1.8084321,59,0.9999957494820417
0.9526896437338626,172.04909756462283,279.9907408956704,6.4,3.4,0.29082727,0.45895624,0.6552644,0.8419008,1.0208449,1.1899714,1.3508201,1.5036535,59,0.7464070558436917
0.8976335656432493,198.78960747531545,47.53037702156861,6.8,3.1,0.30368114,0.5321231,0.78159165,1.0179749,1.2453737,1.4613547,1.6648631,1.8570065,59,0.9999994658975263
0.6935496562526495,259.99830583856874,108.59360347118532,5.7,2.3,0.21259975,0.37390637,0.5413234,0.69987655,0.85230947,0.9981258,1.1361535,1.2671418,59,0.9999965717670547
0.7802869354349165,213.677699007166,93.0762422390148,6.3,2.9,0.29426694,0.5328667,0.7758255,1.0055051,1.2221079,1.4253631,1.6146321,1.7906337,59,0.9999990790417601
0.6646045022178804,241.3451868999188,81.548163498578,6.8,2.7,0.29126358,0.56391764,0.82351255,1.0707641,1.3014419,1.5160034,1.7136075,1.8951247,59,0.9998034560940248
0.8674055617750127,210.6991274038405,187.0596393245309,6.4,3.3,0.2896471,0.4684112,0.6729088,0.86633563,1.051861,1.2275622,1.3944347,1.5528371,59,0.9972745679695558
0.7868616817748015,221.52018918651152,253.72222369389067,6.7,2.7,0.23289013,0.38436174,0.5514798,0.7108724,0.864398,1.0121033,1.1535673,1.2887208,59,0.9918815398577724
0.7200923700737969,256.4042838533089,28.36580994683761,5.8,2.7,0.27527094,0.4917791,0.71512914,0.92376995,1.1217015,1.3080676,1.4818056,1.6441376,59,0.999952641313564
0.9165039971433362,124.90174672234204,194.8579048512177,6.4,2.3,0.24646997,0.47612238,0.7057111,0.9253104,1.1331494,1.3288682,1.5102055,1.6784079,59,0.9999999999967031
0.9367458412434336,186.9002348419472,215.9620761423224,6.4,2.9,0.25271273,0.40816736,0.59327793,0.7666004,0.9349797,1.096138,1.250207,1.3971872,59,0.973950810424058
0.5853151124436413,244.745370429998,253.59459347931792,6.3,2.2,0.20869303,0.38123798,0.5425954,0.6959698,0.8418789,0.98069644,1.1105878,1.2332642,59,0.6143462533121848
0.7282059248565493,210.97361018230328,57.872627404976605,5.6,2.0,0.21767735,0.41443872,0.6113336,0.799675,0.97929335,1.1488502,1.3076847,1.4556186,59,0.9999999850585902
0.9172556513998806,159.96978216071054,114.83222831525156,6.9,2.7,0.27876043,0.5129576,0.7575896,0.9912064,1.2146235,1.425916,1.6241157,1.8099792,59,0.9999996247979575
0.9691703004809789,156.99251003531984,297.3385813661208,6.9,3.5,0.30001903,0.48984933,0.70176864,0.90450835,1.0992782,1.2840517,1.4596193,1.6260874,59,0.9987483921059332
0.711446546838429,230.0267825345214,189.496525897602,5.5,2.3,0.20894814,0.36298704,0.5203452,0.66894245,0.8110504,0.9469466,1.0752804,1.1963475,59,0.9971461118270717
0.7162682032139358,231.9087970878266,7.480978960488072,5.9,2.3,0.25020075,0.4767325,0.7030759,0.9185629,1.1218674,1.3131251,1.4909537,1.6559846,59,0.9999999999997442
0.7829865372765111,232.2986510016403,79.12683137097703,6.8,2.9,0.2827611,0.5022168,0.7321081,0.9521332,1.1623855,1.3618274,1.5496483,1.7267041,59,0.9999999982284749
0.9287433599329252,204.04845864103308,14.038471392762776,5.4,3.3,0.3131652,0.5174861,0.75571704,0.97305703,1.1811244,1.3775055,1.5615146,1.7350466,59,0.9958355560192329
0.7676485774180826,216.51267677787092,7.334021835223359,6.7,2.8,0.30473185,0.5803652,0.8547034,1.1152945,1.3601799,1.5885992,1.8004327,1.9958158,59,1.0
0.6825105414365611,236.13509978046065,38.49480987026328,5.4,2.0,0.21671844,0.40955544,0.60117126,0.78423095,0.95816135,1.1223545,1.2754145,1.4183931,59,0.9999999999534435
0.8159364399635962,229.0046108011927,135.93717114731598,6.8,3.5,0.3133819,0.52830386,0.7604916,0.9820163,1.1940305,1.3949797,1.5846369,1.7642839,59,0.9999872799728685
0.7893530891030012,173.3196293790161,193.31361013138047,6.6,2.3,0.23160219,0.43718457,0.64287543,0.83964014,1.0280621,1.2071972,1.3751447,1.5322104,59,0.9999987875857665
0.7800876057944087,202.24705843491373,187.181628826834,5.6,2.5,0.24081206,0.42072916,0.6069753,0.7808275,0.9470053,1.1042912,1.2521207,1.3904579,59,0.9999387109833647
0.9296607598038604,103.98965786706422,313.02513788710905,6.7,2.2,0.2293837,0.44373417,0.65398026,0.8558128,1.0477955,1.2287779,1.3968859,1.5530016,59,0.999999999983288
0.7877971906965184,233.7519992396425,197.2444205522144,6.8,3.1,0.27391505,0.4546075,0.6505945,0.8392837,1.0210552,1.1944151,1.3595548,1.5165482,59,0.9998208551443256
0.9385809033323976,206.2174450896375,138.7192018575985,6.8,3.8,0.32285094,0.5131228,0.7460377,0.9625304,1.1722872,1.370868,1.560127,1.740246,59,0.9997916832997632
0.6211282411677871,241.0744420407983,104.90257337554074,6.9,2.1,0.22489858,0.44234157,0.6523285,0.85603094,1.051146,1.2353752,1.40749,1.5676961,59,0.9999508663656619
0.801817894911188,111.41407293078784,291.1427429032082,6.7,2.1,0.24347758,0.5045483,0.74975204,0.98318887,1.1995373,1.3980384,1.5780332,1.7411034,59,0.9605806056535997
0.9167913680594024,214.50828717602408,14.662146454563985,5.5,3.4,0.3178866,0.5183425,0.75585175,0.9721184,1.1796608,1.3751373,1.558918,1.732336,59,0.8784350587459854
0.9723127823194062,231.5590747025959,99.17240979120088,6.7,4.2,0.33213377,0.48956966,0.72075987,0.9263592,1.128314,1.3192616,1.5029826,1.6782827,59,0.7858974996936988
0.618657222257765,242.477120323294,88.06291274110185,6.7,2.4,0.2690494,0.5381141,0.79105616,1.0305691,1.2541811,1.4603832,1.649049,1.8219569,59,0.6653891230324662
0.6519561131819382,244.82333633924387,96.37154711515988,5.7,2.0,0.20561671,0.38316607,0.5586052,0.72714686,0.8877015,1.040448,1.184314,1.3190582,59,0.999999973621469
0.9869979864734506,177.1621093774493,74.03667634227413,5.5,3.1,0.2933874,0.48563242,0.71092725,0.9178591,1.1167889,1.3056812,1.4834561,1.6512866,59,0.9999984418830212
0.988345472392112,147.66142304269346,327.199157129788,6.8,3.0,0.2562015,0.41877294,0.60320115,0.7795782,0.95039964,1.113442,1.269187,1.4179397,59,0.9984582648224971
0.9488094610788542,109.77774108827498,273.02961681828424,6.5,2.7,0.28669858,0.5478573,0.80224895,1.0431058,1.2673166,1.4756601,1.6671689,1.8426025,59,0.8361137259737449
0.8087508546649136,224.1796892120264,30.22817793426622,6.7,3.0,0.29973102,0.53816867,0.78871703,1.027061,1.2541895,1.4689145,1.670218,1.8590717,59,0.9999999997540598
0.8398301766184086,164.7659704521149,238.06910765571385,5.0,2.1,0.19239879,0.33615565,0.48414612,0.625267,0.7596352,0.8877492,1.0088594,1.1229746,59,0.9990629309918797
0.7766802141234086,204.80341593876776,253.72961386706936,6.3,2.8,0.25281072,0.4299357,0.6154015,0.79092884,0.9580052,1.1169739,1.2669148,1.4083838,59,0.9991971687450367
0.6146017853386196,286.2326143042644,10.660816026479967,6.8,2.2,0.23416567,0.45056677,0.66383934,0.8694525,1.0667005,1.2538908,1.4289811,1.5927,59,0.9998129792592317
0.9954079768770508,164.96677780067262,128.85883275257143,4.6,2.3,0.20234466,0.34645176,0.5023,0.6537154,0.7968304,0.9345603,1.0650043,1.1893208,59,0.9877181821894001
0.9856322148294954,190.9141867824385,131.19867917533546,5.2,2.7,0.23541093,0.37880158,0.5486245,0.7074151,0.8607757,1.0092847,1.1500349,1.2841923,59,0.996517443225092
0.7599362720533906,282.26656479746583,26.18766363889917,6.2,3.0,0.27532578,0.45758462,0.6655295,0.8602698,1.0475144,1.2265759,1.396245,1.5572066,59,0.99999884281919
0.8804560277379823,222.0062912329694,85.03375225186201,6.0,3.3,0.29943871,0.48663378,0.7068579,0.91069055,1.1067698,1.2921889,1.467705,1.6339619,59,0.9999204619406121
0.6960078969261632,203.95319637046865,224.6858337393357,6.4,2.1,0.20024443,0.36957312,0.5373404,0.6987021,0.8539212,1.003092,1.1444938,1.2775567,59,0.8718096163346082
0.9259672676128308,157.8704550420691,94.67098144316556,3.9,2.2,0.21443725,0.37764025,0.5456486,0.70551777,0.8543165,0.99446845,1.1257632,1.2480819,59,0.820472953986577
0.6753737841662496,187.61072917593663,94.77405683473906,6.6,2.0,0.24685597,0.5119703,0.7654934,1.0075448,1.2338958,1.4423425,1.6320975,1.8048484,59,1.0
0.9402772265857476,210.593576572264,87.98349857099291,6.4,4.0,0.3395338,0.5390482,0.78694963,1.0148306,1.2342477,1.4414124,1.6378188,1.8239264,59,0.9992224346452724
0.806272077277606,218.42559960310788,182.40264981000203,6.5,3.1,0.28262067,0.4763739,0.68441725,0.88349557,1.0732875,1.2536345,1.4242663,1.5856614,59,0.9999767756781943
0.8802006738023087,115.62996951642384,342.61480532557255,6.6,2.1,0.20474005,0.38702846,0.56640196,0.739553,0.9059925,1.0644774,1.2135885,1.3534465,59,0.9972361979360502
0.7187066267619528,201.94508726512603,67.70381645253467,5.5,2.0,0.22574592,0.43558812,0.64199543,0.8384247,1.023772,1.1975439,1.3586409,1.5073767,59,0.9999999999999858
0.8712995937441923,228.40040998795047,150.27369827850006,5.9,3.0,0.25808,0.4073317,0.5911186,0.7596586,0.9238181,1.08148,1.2317119,1.3751879,59,0.9985524219921398
0.6772726021308615,197.4262033082365,309.33178756320723,6.7,2.3,0.2117002,0.38649678,0.5534103,0.7135234,0.8659911,1.0114241,1.1489708,1.2783637,59,0.9999598762243657
0.6145448648435725,296.9865635525437,146.3335935689206,6.0,2.2,0.19538283,0.33797932,0.48492694,0.6242738,0.7588074,0.88838744,1.0119202,1.1302583,59,0.9675873611184865
0.5186485737394886,284.4742809825992,233.68923373352305,7.0,2.1,0.19256496,0.35651755,0.50807714,0.6556785,0.79721475,0.933995,1.0638726,1.1870403,59,0.9977642258540615
0.982578036985598,125.0081103808564,64.65571456130448,5.5,2.4,0.2748034,0.5253563,0.7798054,1.0192921,1.2438886,1.452569,1.644819,1.8216789,59,1.0
0.6855597204424797,240.39940963025452,8.30464481652875,6.3,2.3,0.25365257,0.4915414,0.7263968,0.9506011,1.1623895,1.3615263,1.5455787,1.7163935,59,0.9999999999999485
0.878500439635119,181.671666844293,58.49071539838353,6.9,3.2,0.32972884,0.6064205,0.88864565,1.156867,1.4100027,1.647191,1.8682184,2.0731015,59,0.9999999999996838
0.8945989876511835,100.03758107275658,332.96048307311963,6.9,2.0,0.21297503,0.4200666,0.62155914,0.8164439,1.002182,1.1778219,1.3415029,1.4936335,59,0.9999826843469657
0.8890774004160251,218.48395957493184,184.09281463674176,6.6,3.4,0.29120016,0.45893764,0.6591134,0.8489847,1.0334754,1.2082624,1.3751221,1.5345511,59,0.9959692509914359
0.7265764844188738,193.91857839798573,249.50057683167705,6.8,2.6,0.25372434,0.46973157,0.6787846,0.8795221,1.069782,1.2496283,1.4178069,1.57493,59,0.9999999998833715
0.6988880457669486,257.82090258618155,78.8012130544387,6.0,2.5,0.24856853,0.44431138,0.6462295,0.83629894,1.0176468,1.189646,1.3513474,1.5029378,59,0.9999999937962478
0.9024916168510936,155.54573253524,13.696740088856396,4.8,2.2,0.24956512,0.4702444,0.69330215,0.90429497,1.1016757,1.2858918,1.4559958,1.6135466,59,0.9999999999999769
0.9910815992180242,175.5663650422041,194.31078917258432,4.9,2.5,0.21280527,0.34465742,0.49554276,0.6392541,0.77659345,0.9090595,1.0351739,1.1557517,59,0.946100475263326
0.8865532901823261,208.00313241884865,126.68333186975582,5.4,3.0,0.27039838,0.43939018,0.6359937,0.8158772,0.99031925,1.1561742,1.3129444,1.4611373,59,0.9987519535500174
0.9810536489267628,198.7517089552313,140.1607730250345,6.0,3.5,0.2995565,0.46100545,0.67091775,0.86281466,1.0500338,1.227113,1.3960392,1.5570533,59,0.9876165620863531
0.8243678417938098,164.7506286594029,99.5986570781238,6.1,2.3,0.25330114,0.49008393,0.72601604,0.95055985,1.1627104,1.361532,1.5450094,1.7153084,59,0.9999999999999805
0.8644787580956192,230.5476442150905,109.65745048154643,6.1,3.5,0.30757284,0.49124265,0.70975757,0.9132917,1.1090095,1.2941315,1.4698851,1.636625,59,0.9969920748692216
0.7789422976222042,274.01612125416483,111.46277186637414,5.8,2.9,0.2519276,0.39855742,0.5749862,0.7361171,0.89337873,1.0445879,1.1881795,1.3254623,59,0.7310288064713284
0.985057268767344,190.6776375373948,142.54476854945364,6.4,4.1,0.33919,0.5299964,0.77201176,0.9938121,1.2069564,1.4082022,1.5992699,1.7804952,59,0.9824510063949056
0.7201008994597559,280.9832623346802,115.20331158037602,5.6,2.6,0.22846818,0.37506676,0.5403118,0.6918936,0.8399277,0.9819329,1.1171863,1.2465055,59,0.8668310434695011
0.7983557470275361,254.4489278225186,125.82307597993258,6.8,4.0,0.33490086,0.5444913,0.7827058,1.0076637,1.2218304,1.4248166,1.6169071,1.7987924,59,0.9955767137840326
0.6500132728360106,278.8856922152869,125.72648062714666,6.6,2.6,0.245466,0.43667102,0.63041735,0.8160553,0.99339867,1.1629994,1.3230414,1.474261,59,0.999999827571117
0.914620927772565,168.78311617592863,263.9924549661724,5.4,2.7,0.23928642,0.39069653,0.55991507,0.71559405,0.8661742,1.0095999,1.145263,1.2730954,59,0.8697715361624841
0.9158472130787778,236.54638819212565,60.32751594755696,5.9,3.4,0.2980082,0.4613409,0.6721597,0.8650098,1.0524879,1.2306437,1.4000516,1.5616388,59,0.9963971941717146
0.9397796054273008,243.9883403036714,22.83291070848459,6.0,3.9,0.3283975,0.49534106,0.72490287,0.93143773,1.1338017,1.3238666,1.5054295,1.6786687,59,0.7751627825297516
0.7479646882821565,159.68393479443182,246.11576573563525,6.9,2.1,0.21770906,0.42458487,0.6248958,0.8192599,1.0050876,1.1814914,1.3462791,1.5000412,59,0.9998370087173905
0.806937776596276,200.63594884680143,53.50627188303064,4.3,2.0,0.20119667,0.35919404,0.5224488,0.67871857,0.8261919,0.9657359,1.0965042,1.2196314,59,0.9999995785551405
0.7943549529358671,205.47896969553923,61.57357030212185,4.9,2.4,0.24667764,0.4432292,0.64443946,0.83323646,1.0112188,1.1780443,1.333555,1.478298,59,0.9983779690612542
0.8930802979103039,187.58560320829045,159.47658764572367,6.3,3.3,0.30539966,0.51593804,0.74666905,0.9641578,1.1705668,1.3655565,1.5491121,1.721864,59,0.9999983056573855
0.8330863063455847,194.0502941901506,111.83281619601048,4.2,2.1,0.194484,0.336807,0.48618197,0.62937903,0.7643914,0.8927493,1.013902,1.1281018,59,0.9990885611393354
0.7663387966923764,200.1555847229012,140.81767002820752,4.4,2.1,0.20105648,0.3502183,0.5045605,0.6505432,0.78755283,0.91756916,1.0392439,1.1535504,59,0.995061037965228
0.8884344781999387,160.43145790484817,60.018378925054975,6.7,2.8,0.30706263,0.58533406,0.8663547,1.1326275,1.3833284,1.6175265,1.8338742,2.033587,59,1.0
0.9541633357786364,195.7260023740984,150.17722114600446,6.7,4.1,0.33999586,0.54107094,0.7875204,1.0150194,1.2331758,1.439426,1.6352658,1.8209534,59,0.9971579974264526
0.9598502811295038,220.9441913353785,59.6296606810224,6.0,3.9,0.33089185,0.50704455,0.74064183,0.9520352,1.1579492,1.3513525,1.5354884,1.7107165,59,0.9211541718228673
0.7359667631940054,277.52003475767583,119.98789975441991,6.2,3.1,0.27608824,0.44833374,0.64237714,0.82502675,1.0004177,1.1673627,1.3260283,1.4766555,59,0.972028885090697
0.8850936601336217,249.0912754888125,60.21972080693337,6.3,3.5,0.30258846,0.47136426,0.6861789,0.8845022,1.0785158,1.262243,1.4376519,1.6051404,59,0.9998931294244745
0.9304746220063492,156.93047013483002,98.44558906517496,6.5,2.9,0.30185294,0.55273914,0.81423235,1.061625,1.2960129,1.515738,1.7207408,1.9112301,59,0.9999999999986038
0.8479909205291762,167.8977894441292,171.50762051560687,5.5,2.2,0.2178042,0.39596772,0.57803035,0.7510798,0.9165869,1.0733063,1.2208254,1.3592033,59,0.999999995965748
0.687893536463863,268.03556176856466,112.04899477675755,6.1,2.7,0.25760746,0.4479413,0.64564085,0.83156323,1.008594,1.1770034,1.3351228,1.4840543,59,0.9999992646719033
0.8993036300333894,253.4323025822973,49.695545480221305,6.6,3.4,0.29446554,0.45741272,0.66657114,0.86052847,1.0519676,1.2337618,1.4077182,1.5744538,59,0.6105995378719224
0.8906712003871291,229.5589125192716,42.69703699505904,6.4,3.3,0.3009963,0.49222112,0.71913743,0.9302614,1.1348808,1.3287594,1.512624,1.6877277,59,0.9999992380075334
0.928842296054854,149.95454216067958,208.897509987148,5.0,2.1,0.19216013,0.33855152,0.49145842,0.6391189,0.78019834,0.9151144,1.042906,1.163966,59,0.9931054800327455
0.9761627109502188,111.3894923984883,266.20923610406584,6.2,2.7,0.2798381,0.51966834,0.75955987,0.9852545,1.1970022,1.3941152,1.5761316,1.7444146,59,0.9999360443102437
0.9123015792249456,131.9541406239189,4.821033576925782,4.9,2.1,0.26178432,0.5163307,0.7682586,1.0058286,1.2261944,1.4290686,1.6138341,1.7837367,59,0.9999692477421103
0.999717656756942,98.13273293000572,321.0964134461456,6.5,2.7,0.27723908,0.5200372,0.7592468,0.9858134,1.198205,1.3959458,1.5784729,1.7470176,59,0.9999967674625183
0.8612933057197452,163.7664454010816,281.32587970552134,5.7,2.2,0.19473553,0.3371296,0.48618674,0.62782574,0.7642405,0.895298,1.0198483,1.1381457,59,0.9982789611385229
0.914698503224546,155.22156837420454,112.85392315275296,6.6,2.9,0.30425763,0.564481,0.8307426,1.0833464,1.3220878,1.5455709,1.7532272,1.9459262,59,0.999999999999913
0.6419058134706519,262.17057900550446,122.55704929133428,5.9,2.4,0.23708677,0.4299457,0.6213317,0.80120206,0.97256994,1.1340709,1.2855179,1.4268475,59,0.9999961268156802
0.5829387526266782,270.54067642134504,28.27640919204617,6.6,2.3,0.26209497,0.5283959,0.77919626,1.0175538,1.239435,1.4448891,1.633038,1.8054268,59,0.9999993850728702
0.9902339545997784,155.27314483823852,127.2833055092614,6.8,2.9,0.28285193,0.49690223,0.7326095,0.95640254,1.1716084,1.3767557,1.5700655,1.7532291,59,0.9955540076872978
0.9905579413145942,115.77579361132555,242.89735216807867,4.8,2.1,0.2031064,0.36420727,0.5302124,0.68831635,0.8376889,0.9793098,1.1118748,1.2357409,59,0.9999999848925222
0.8827109708166303,167.09540160427397,91.48980235785004,6.8,2.5,0.26603794,0.4987769,0.7400491,0.9708271,1.1912901,1.4005368,1.5964074,1.7796593,59,0.9996935826361664
0.7698531928085973,195.8349972212972,77.11361518254196,7.0,2.9,0.31645536,0.615818,0.9046254,1.1797972,1.4364939,1.675106,1.8942266,2.0951958,59,0.9999999481019404
0.896762759524367,236.52562607073173,12.401237554764675,6.3,3.9,0.34243846,0.55023694,0.80463004,1.0379088,1.2625992,1.4737895,1.674144,1.8632319,59,0.9998761683489314
0.7802468622583112,289.07867416127704,54.37856063367556,5.6,2.8,0.24213219,0.3861525,0.55966115,0.71746397,0.87211084,1.0217779,1.1638727,1.2996726,59,0.994874120073616
0.6439277116694024,182.60824869958552,287.58920085153017,6.0,2.0,0.20557475,0.3911159,0.56196356,0.7246728,0.8772278,1.0209339,1.1543996,1.2779789,59,0.9153840085510474
0.9334781682672916,132.5789310163281,226.82899007541656,5.8,2.4,0.240803,0.44055343,0.6451242,0.8383312,1.0219209,1.195199,1.357039,1.5077262,59,0.9999999999839027
0.8270549808821881,268.7668358986999,17.480013036854825,5.8,3.0,0.26889205,0.43256092,0.6319244,0.814502,0.9921584,1.1627502,1.3248072,1.4791684,59,0.9999607840766993
0.8019568707227569,193.8791923477769,85.9200630024065,6.3,2.4,0.25110793,0.46974635,0.69381475,0.9067724,1.1100016,1.3020859,1.4817092,1.6495993,59,0.9999999983307841
0.713365505892009,282.1408965320554,13.117357558715437,6.8,2.7,0.26388383,0.46849442,0.6843319,0.8908384,1.0895369,1.2789166,1.4580705,1.6274221,59,0.9999035990141701
0.7351274673275097,230.33692550847425,151.7207399328639,4.9,2.2,0.20188642,0.3465438,0.49635005,0.6389668,0.7743993,0.9031894,1.0247717,1.1403711,59,0.9425960158075155
0.9001570086364885,226.44024091588847,23.016123372032823,5.1,2.8,0.25576162,0.42053413,0.6109159,0.78895664,0.960181,1.1242144,1.2793131,1.4261322,59,0.9999864895835033
0.6948466069607422,299.9493599694674,31.970552989339307,6.8,2.9,0.27368832,0.4748001,0.687556,0.89156437,1.0874338,1.2740335,1.450602,1.6180243,59,0.9999999171615065
0.9288018546141624,177.54141078007643,60.403351494268165,6.1,3.0,0.299062,0.52549195,0.7735021,1.0055625,1.226634,1.4355302,1.631053,1.8146687,59,0.9999999993253823
0.7105654337126559,290.7087785123234,23.88653238011638,6.1,2.7,0.25727344,0.44184422,0.6428721,0.8311174,1.0122769,1.1850572,1.3482902,1.5028803,59,0.9999997679603843
0.7500624072494988,213.8011894961114,37.48182308224135,5.7,2.0,0.21374536,0.4037881,0.5968454,0.78256106,0.9603987,1.1295478,1.2886388,1.437535,59,0.7683860685464414
0.742926325001626,150.9631277150985,349.9928104000351,6.7,2.0,0.19086552,0.35660362,0.5152538,0.66894937,0.8163049,0.9570854,1.0907121,1.21648,59,0.9997793704740413
0.6764219177259756,270.5255832642161,173.02617405540593,5.9,2.5,0.2254386,0.37962365,0.5442691,0.6969142,0.84480906,0.98627687,1.1204364,1.248035,59,0.8465678452700351
0.7037182443501127,201.1405825860105,202.0655771800423,6.2,2.3,0.22946262,0.428236,0.6220803,0.8058977,0.9806793,1.1451883,1.2991142,1.4427068,59,0.999999999952891
0.6775075102464754,197.3291485261201,218.75722107717527,6.8,2.1,0.21166945,0.40665913,0.5947919,0.777354,0.9523642,1.1192324,1.2758474,1.4226696,59,0.9988398043085389
0.8840291383998373,165.12504740919,217.61675433505664,7.0,3.0,0.28516054,0.5097277,0.7408531,0.96303177,1.1750522,1.3759751,1.5649447,1.742547,59,0.9999999982908108
0.8842514279892619,196.8605941017976,167.28053445973725,6.6,2.9,0.26533413,0.44798636,0.65190744,0.84586644,1.0328693,1.2113171,1.3809209,1.5419569,59,0.9998790988463967
0.7738429501651215,206.1965017305762,44.754641387891205,6.6,2.3,0.24393606,0.4652145,0.6902542,0.9067786,1.1137676,1.3103468,1.4945385,1.6670995,59,0.8859723089852954
0.7259162468320386,273.10129865222086,25.766825977826045,6.3,2.6,0.25082898,0.44118428,0.64635515,0.8398602,1.026586,1.2052374,1.3742478,1.5343425,59,0.9994442470837814
0.839513219300416,251.3381774120703,131.18305226658302,6.9,4.5,0.3484187,0.5498066,0.79807806,1.027194,1.244205,1.449933,1.6456285,1.8316202,59,0.631665778685404
0.9436592982067816,231.34495441572108,39.43279011729275,5.5,3.1,0.2730515,0.42547607,0.62189364,0.8002119,0.9740715,1.1420622,1.3011847,1.4534502,59,0.9990757501661157
0.9111014089155748,172.43344649082084,40.9516497746334,6.6,3.1,0.32399487,0.5937145,0.8745539,1.1402493,1.3917694,1.6277194,1.8473153,2.0509849,59,0.9999999999993356
0.8532611357549429,144.4316168463079,130.38059689875672,4.7,2.1,0.23157835,0.435045,0.6365285,0.82591057,1.0023293,1.1666608,1.3174565,1.4568274,59,0.8694952354895682
0.783658253597981,194.5695755775763,260.6376567006327,6.9,2.5,0.22948146,0.40393758,0.58392286,0.7570751,0.92372656,1.0835762,1.2358894,1.3802001,59,0.9950851568178637
0.7363156554694512,174.98005914824833,248.9569919451936,6.1,2.3,0.23025584,0.43133712,0.62524796,0.80861783,0.9823301,1.1453049,1.2972503,1.4386051,59,0.9999993904478802
0.7461478868445443,210.40502479459883,151.17772118839792,4.5,2.1,0.1968081,0.3394072,0.48751736,0.6275201,0.7596693,0.88500714,1.0024545,1.1136248,59,0.9900138113595924
0.9572135187408892,126.29894934641764,181.52048812583868,5.3,2.5,0.26585412,0.48830438,0.7135165,0.9241934,1.1217239,1.3056135,1.4754195,1.6321578,59,0.9939017712319022
0.9413470134324542,192.0488078178415,103.98986885915704,5.0,2.9,0.26517653,0.43218303,0.6242807,0.8026655,0.9741087,1.1371331,1.2903662,1.4349151,59,0.9998831190899824
0.9129718761021616,139.06766372842262,350.2358862249956,6.0,2.4,0.21182609,0.3634827,0.5237162,0.67338896,0.8178284,0.95610714,1.0865493,1.2106807,59,0.9982328962000231
0.97393997524444,169.6749745411794,161.41602048278943,6.7,3.1,0.2859869,0.48148942,0.70366883,0.9144497,1.117825,1.3116856,1.4959602,1.6706285,59,0.9996092891016093
0.6372289466447766,183.02022945819772,309.18942587362034,6.4,2.1,0.20992422,0.40199685,0.57726145,0.74472785,0.9032738,1.0520065,1.1908381,1.3193686,59,0.9988398865771676
0.9751195923995166,185.51964164842772,253.2486060148213,6.8,3.3,0.2742107,0.4253137,0.61165404,0.78771424,0.96100545,1.1254718,1.2834513,1.4348772,59,0.8825156484995821
0.5647863498207885,272.4661854439662,108.54991221896672,6.6,2.3,0.24423242,0.4791093,0.6980381,0.9065728,1.1027968,1.2855933,1.454788,1.6111703,59,0.9999999945000706
0.8667668259648342,229.56790095414172,173.11121342676762,6.5,3.4,0.29104996,0.45654202,0.6547017,0.84242535,1.0244946,1.1967845,1.3612423,1.5183358,59,0.9598647401782039
0.946320624213194,167.93560723476847,53.66101525398608,3.5,2.1,0.18865943,0.3354981,0.4795189,0.6213639,0.75493073,0.8816843,1.0008113,1.1129534,59,0.9928269791977741
0.6371466754057508,208.35786611825867,255.46027929211883,6.2,2.0,0.1959076,0.364187,0.52447796,0.6783681,0.8249421,0.9644902,1.0959773,1.2192883,59,0.9999979959234304
0.7945640981000586,213.08222352696748,82.92217698513392,6.4,2.5,0.25316596,0.45933557,0.675611,0.8807342,1.0773127,1.2641771,1.4398651,1.6054206,59,0.9999994636468603
0.878225686747232,115.36279082662708,140.98774283263026,6.1,2.1,0.2593336,0.5324769,0.79765344,1.0497553,1.2840986,1.4988472,1.6945467,1.8719606,59,0.9999999999846079
0.690610050131614,180.3797235277422,104.24002644380748,6.5,2.1,0.255512,0.5293999,0.79033685,1.0386293,1.2692263,1.4808855,1.6737125,1.8481858,59,0.9999999886923714
0.9289147951631452,189.9645553642068,80.43034211289677,6.6,3.9,0.35255027,0.6011431,0.87799096,1.1359937,1.3805392,1.6105764,1.8265183,2.0283744,59,0.9999896874593095
0.8640849084351496,140.9874167759291,178.4250538692139,5.9,2.1,0.22266483,0.42654276,0.63038373,0.8266127,1.0133841,1.1900029,1.3547168,1.5081263,59,0.9999997783324407
0.9836843294421408,209.3594966960317,151.45660419061673,6.2,3.6,0.2996106,0.44749808,0.6494,0.8342068,1.0154688,1.1867206,1.3507006,1.5078399,59,0.7755105290798794
0.9635140670053746,145.25007210467504,204.56338701612125,4.7,2.2,0.20224643,0.3500378,0.50657654,0.65618324,0.79742026,0.9318359,1.0589454,1.178617,59,0.9999380747019864
0.8029871556813488,255.45575596740977,127.17205362842824,6.4,3.3,0.2880442,0.46131873,0.66210127,0.8519962,1.0346391,1.2077863,1.3726456,1.5296619,59,0.9835437969401563
0.958632563799664,222.4339150414647,78.75350270136607,5.4,3.0,0.25703454,0.39954615,0.58260703,0.7487855,0.91177654,1.0696373,1.219924,1.363565,59,0.684116841465982
0.917523971463584,204.27498357436613,48.47254005073638,4.5,2.5,0.2305131,0.38633585,0.55922675,0.72400427,0.8794892,1.0278516,1.1683326,1.301091,59,0.9998637145453343
0.95333682287008,169.11879267403356,14.088496421178933,6.4,3.1,0.32213235,0.5778947,0.8539605,1.112567,1.3586044,1.5899386,1.8057156,2.0066414,59,0.9999999999828759
0.7023729823740748,202.17785205151475,201.14549909911267,6.6,2.2,0.22058582,0.4159019,0.6067369,0.7904327,0.965996,1.1330237,1.2898674,1.4364717,59,0.999999980992268
0.7834579120953439,169.70180968963393,33.78129043307765,5.1,2.0,0.24390244,0.4799807,0.7101941,0.9278257,1.1303566,1.3174033,1.4885492,1.6453681,59,0.9999973845930499
0.8116706756346543,226.5825178188791,50.74713356579168,5.9,2.7,0.2660303,0.46423554,0.6797526,0.8807516,1.0734265,1.256665,1.4289367,1.5909731,59,0.9999999922794878
0.8155738564090831,125.70397823779044,305.6895673814573,6.0,2.1,0.21854949,0.4203918,0.6124463,0.7958052,0.96850586,1.1303263,1.279753,1.4180975,59,0.9999999999971578
0.8079531119777328,178.70913635995743,177.189282622141,4.7,2.1,0.2007184,0.3531444,0.5101466,0.6592221,0.7997427,0.9327607,1.058209,1.1758893,59,0.9999900269619106
0.8692724147003672,133.3627548196256,183.4796980515751,6.2,2.2,0.24338198,0.47452855,0.7025025,0.9199345,1.1250386,1.3170624,1.494477,1.6584251,59,0.9999999999999947
0.5824193708732888,289.57240448955275,74.59620388718284,6.7,2.2,0.22638202,0.43128037,0.6291988,0.8202326,1.0024881,1.1754596,1.3372939,1.4890103,59,0.9999999984755661
0.7208290221710429,221.69190246529809,89.10200757059745,5.2,2.1,0.21221519,0.38831234,0.5656793,0.7346854,0.8955171,1.0478535,1.1907427,1.3247297,59,0.9999999937613282
0.8997177292213652,196.83000150219533,45.81904013969784,6.9,3.3,0.32068324,0.56313276,0.8251507,1.0728076,1.3099897,1.5339124,1.7445471,1.9425719,59,0.9999999975040126
0.8351043437686081,194.80363165080385,169.0095085304469,5.0,2.4,0.22113657,0.37795854,0.54372835,0.70039463,0.8494797,0.99134374,1.124646,1.2505324,59,0.9999139433404088
0.8227655557714273,184.5430963447729,110.11458282519796,5.2,2.3,0.23166847,0.42083216,0.61395144,0.7968011,0.9700453,1.1330757,1.2857718,1.4281371,59,0.999999999911303
0.7931817207280196,171.29450198803204,112.4351272475781,6.4,2.4,0.26785064,0.5228853,0.77336335,1.011339,1.2343433,1.4424019,1.6337979,1.8099587,59,1.0
0.6581682866806311,287.4750085466105,42.04235371442464,5.5,2.3,0.22011805,0.39107132,0.56636524,0.73261666,0.8914137,1.0428362,1.1858258,1.3208454,59,0.9999989470376783
0.9734830342746283,178.64039903224432,94.2563136536279,6.9,4.1,0.3576994,0.60434675,0.8867879,1.1479478,1.3963828,1.6308856,1.851881,2.0590892,59,0.9999994268123986
0.996537963148218,192.54388727688587,217.6689845386915,6.8,3.6,0.29594684,0.44827008,0.64799666,0.83319974,1.0159795,1.1893528,1.3560388,1.5157487,59,0.98616792007936
0.7893630734455274,207.6684229646412,72.66754264092788,5.1,2.5,0.25898433,0.4634552,0.67260337,0.86861825,1.0528996,1.2260053,1.3865452,1.5359783,59,0.6517692055774815
0.850706538562606,226.61001970365305,86.55080126609303,5.2,2.7,0.24735141,0.4082091,0.5899029,0.7587993,0.9214027,1.0770802,1.2238493,1.3627837,59,0.9995766963832889
0.9026477655881676,151.19014916342002,253.28713467918828,6.8,3.3,0.3120575,0.557148,0.80303216,1.0381844,1.259505,1.467529,1.661627,1.8426182,59,0.8219319817502161
0.8302457151430218,159.77488922517122,301.6347473728388,6.1,2.4,0.22214746,0.39281034,0.56727934,0.7316396,0.8890128,1.0386417,1.1800032,1.3132386,59,0.9999952837538488
0.9588651434484,166.22324027896155,144.611000605809,6.0,3.1,0.29498386,0.50035834,0.7305689,0.9452338,1.1502681,1.3441453,1.5265789,1.6983991,59,0.9999999220708412
0.944989608368273,131.38353648596637,151.25114645675924,5.3,2.3,0.24149513,0.45030499,0.6620443,0.8624327,1.0513966,1.2290046,1.3935142,1.5463018,59,0.9999999999999467
0.7338579812599175,209.1301490681462,44.51109250473855,5.7,2.4,0.26879764,0.5150678,0.7561705,0.9824631,1.1941795,1.3904889,1.5706637,1.736695,59,0.9836303573201137
0.892139451159558,198.6507576804784,79.59679212606052,5.2,2.8,0.26548028,0.4485469,0.65082073,0.83937716,1.019609,1.1903114,1.3506689,1.5015159,59,0.9999995743094079
0.762758696446809,237.7187176486248,64.45563150881233,6.8,2.7,0.26807714,0.4826038,0.7062609,0.9202976,1.1253715,1.3202455,1.504009,1.6773851,59,0.9999994233188059
0.8448518401037612,281.86560706419846,43.28504815139094,6.7,3.6,0.3046348,0.4679048,0.6783445,0.8731158,1.0648491,1.246515,1.420799,1.5878737,59,0.9990206040904787
0.9268371727600446,160.46752477330338,12.264730491441744,6.7,3.4,0.36268497,0.6834769,1.0069036,1.3100333,1.5933013,1.8557773,2.0968118,2.3185654,59,0.900405791616432
0.6625080563051583,271.18757336947925,98.94389669357108,6.2,2.4,0.23101449,0.414016,0.6017008,0.7789068,0.94911885,1.111258,1.2645152,1.408668,59,0.9999999626989655
0.9628623083431602,152.0829688735128,3.979411507132058,5.4,2.5,0.27868915,0.51489687,0.7628157,0.9957659,1.2152579,1.4215007,1.6124015,1.7899842,59,0.9999999999998614
0.9887723542169676,191.5173933429788,30.407738211038684,5.8,3.8,0.341748,0.5516932,0.8082726,1.0413115,1.2650893,1.4750593,1.6730382,1.8598778,59,0.9982669129020112
0.9475016182419316,174.31910834968588,2.479404706750854,5.0,2.4,0.24580264,0.4407556,0.6478338,0.84552956,1.0327744,1.2102797,1.377039,1.5332069,59,0.9999999994728412
0.7126800406066351,295.74975449713446,86.42115412682179,5.8,2.6,0.2283585,0.37546468,0.5437403,0.69806695,0.84900236,0.99440193,1.1333642,1.2658708,59,0.9955640643854746
0.99031142803043,138.33810211192036,359.5693787525853,6.7,3.1,0.2680614,0.4381721,0.62643695,0.80713177,0.9806924,1.1455007,1.3023839,1.4514008,59,0.9959646155699888
0.7885022358180459,222.77466693514324,153.97311100119148,5.4,2.5,0.23149037,0.3920927,0.56540775,0.72677946,0.88246655,1.0304518,1.1705339,1.3028703,59,0.9996294098263259
0.6956955627621908,263.1866266109084,198.592594937187,6.3,2.7,0.23959589,0.39916658,0.5703578,0.73157,0.8861215,1.0341425,1.1751153,1.3087213,59,0.8114038122312618
0.9895833753751178,192.78272308686263,38.03682200296144,6.4,3.9,0.34675527,0.56375957,0.82953906,1.0721033,1.3057315,1.5256584,1.733568,1.9295886,59,0.9999881982343866
0.7840445258194855,167.59218578694873,120.92742750667756,6.7,2.5,0.28727007,0.5714879,0.8456385,1.1056263,1.3478296,1.571866,1.7766404,1.9640865,59,0.9999998767851523
0.6951508755333562,228.48177568041552,215.55371183473017,6.0,2.2,0.20041585,0.35267878,0.5078001,0.65531373,0.7968476,0.9328389,1.0620182,1.1843038,59,0.9998367715654177
0.8736559296557811,188.11290335868097,130.1107902694362,5.2,2.7,0.2598853,0.44370937,0.641392,0.8253412,1.0006592,1.1663048,1.3213165,1.4666421,59,0.9116434632376923
0.8401160854802843,195.7737907518673,62.94918988717044,3.6,2.0,0.18552709,0.325006,0.4646821,0.60021377,0.7278302,0.8480334,0.9614315,1.0680916,59,0.9771146851312286
0.91080660385764,149.89689703999832,243.04758327875032,6.3,2.6,0.24824595,0.44068313,0.64405656,0.8360772,1.0197926,1.1949792,1.3598733,1.5151241,59,0.9999999958604313
0.7655468226746343,287.8533084099519,105.01133437882277,6.6,3.3,0.28303194,0.44909692,0.6426916,0.8269975,1.0057065,1.1754797,1.3377483,1.4928353,59,0.9796395215189716
0.621843022759586,287.1359590459824,51.134626848981846,6.4,2.4,0.24451184,0.45511007,0.66351676,0.8619406,1.0504062,1.2291753,1.3960264,1.5521796,59,0.9999999999156621
0.6993957242328999,247.5587170425243,86.60168249396203,6.8,2.5,0.25356126,0.46868587,0.6859207,0.8943124,1.0933945,1.2825286,1.4601996,1.6268072,59,0.9999999877787058
0.8440331155226621,152.2483129797094,67.81875871768564,6.8,2.6,0.3075807,0.6179075,0.9205513,1.2078846,1.475169,1.7217839,1.946821,2.1513364,59,0.9999999993933131
0.7966744715857585,225.60915891318945,123.72864243345538,5.0,2.3,0.20453906,0.34935832,0.50331545,0.6505649,0.79080653,0.92512465,1.0528626,1.1742225,59,0.9988729911343323
0.8889967850690554,193.26996173168968,50.42352450461718,5.0,2.2,0.21257877,0.37823176,0.55294776,0.7218721,0.88271284,1.0364189,1.1823657,1.3199382,59,0.9688830392643714
0.9358295198330682,124.93126414958935,171.694328069503,5.0,2.2,0.23671293,0.44238567,0.64761424,0.84110475,1.0223444,1.1914182,1.3473966,1.4915626,59,0.9999999246915501
0.9481457870767508,167.451920756298,157.82418064566022,6.7,3.0,0.28220725,0.487957,0.7146416,0.92996573,1.1371646,1.333993,1.5203762,1.6966262,59,0.9999947262957984
0.8670572910223147,177.01083300342924,237.07794915659773,5.3,2.6,0.23548985,0.394284,0.56563973,0.72468114,0.87733674,1.0224373,1.1593585,1.2887831,59,0.9681633532790304
0.9583110427855476,219.95983985078547,96.37173629331367,6.0,3.3,0.28408694,0.43686914,0.63745546,0.8210938,1.0002949,1.171335,1.3341777,1.4901497,59,0.9996412468118778
0.9628825215864836,138.3531894048655,387.3450689742235,6.7,3.1,0.26699638,0.43716192,0.6208534,0.7980318,0.9673891,1.1279516,1.2805123,1.4252305,59,0.89419435154802
0.947955644914106,211.21540275759392,147.2942373216023,6.7,3.6,0.30490327,0.47320962,0.6862929,0.8842256,1.0780528,1.2616179,1.4373186,1.605479,59,0.9997809940558356
0.6754499739446402,222.9242947361608,96.48318902968556,6.7,2.2,0.2389574,0.46630645,0.68791914,0.90055037,1.1028905,1.2937386,1.4705696,1.6349967,59,0.9999999999817195
0.9867343497152864,184.15741338271087,48.59891168848351,5.0,3.0,0.27873945,0.4581089,0.667114,0.8609929,1.0467434,1.2236872,1.3897786,1.5463767,59,0.9999956280158319
0.911792135825292,209.14073664660927,11.766546287231394,7.0,4.0,0.36036444,0.6196122,0.9118476,1.1830063,1.4416542,1.6853275,1.9150777,2.130331,59,0.999999887297146
0.74124723804847,210.45857529579152,171.1994707135417,6.5,2.6,0.25647306,0.46823025,0.6808777,0.88333964,1.0760546,1.2584167,1.4295514,1.5897167,59,0.9999999995355893
0.8531424797856912,186.8209174507832,276.7515101029276,6.9,3.1,0.274132,0.45971203,0.6569061,0.8473866,1.0301366,1.2041917,1.3695378,1.5263724,59,0.9997179991390259
0.8385805152323309,258.2915908678969,93.77691133344652,6.6,4.0,0.33113384,0.51946306,0.75118065,0.96707964,1.1747952,1.3713789,1.5586424,1.7366381,59,0.9657622564082169
0.9047187073185547,175.34323621066173,172.36523503626802,5.7,2.7,0.25567412,0.4368224,0.63537884,0.8195734,0.99691796,1.1650934,1.3234174,1.4723704,59,0.9999996805070643
0.697728627605634,196.11820603504785,228.10255519323024,6.4,2.2,0.219836,0.41238165,0.59865594,0.7766111,0.94601417,1.1065769,1.2568855,1.3974159,59,0.9999999992352144
0.9917103278342194,110.80324828814364,64.0435337519476,5.6,2.1,0.25165486,0.49781585,0.7457559,0.98276687,1.2063713,1.4143152,1.606118,1.7827892,59,0.9999999999991864
0.887842586654731,178.82540826071371,4.360231023341443,7.0,2.9,0.31464505,0.5907147,0.8741853,1.1442604,1.4004431,1.6408439,1.8646584,2.0721903,59,0.9999999999987814
0.8794459534388572,208.2005161345757,108.32448929903538,5.7,2.6,0.23814273,0.40220666,0.58877945,0.7617128,0.929502,1.0912278,1.244523,1.3904288,59,0.9771124491814277
0.6976795816978485,255.20194943415612,138.51356606407066,5.1,2.2,0.199049,0.34088206,0.48753285,0.62728405,0.760833,0.8882055,1.0089464,1.1239884,59,0.6479987537567155
0.8278453973923185,154.94477404089113,152.08306205988143,7.0,2.5,0.2784865,0.54723835,0.8104706,1.062527,1.2993987,1.520977,1.7252913,1.9136062,59,1.0
0.9984043238756865,114.89104973182876,110.52699914189633,5.8,2.6,0.29562974,0.5660455,0.8393345,1.0954611,1.3349409,1.5568607,1.760052,1.9470298,59,0.9999999959020727
0.8074151488808419,162.0238610315895,35.891934247057655,5.8,2.1,0.25335336,0.5065789,0.75602627,0.9938235,1.2165191,1.4234333,1.6127565,1.7867353,59,1.0
0.7133319835808274,183.4579117938752,100.46680824398636,6.8,2.2,0.26092005,0.5330632,0.7944517,1.0438716,1.2775002,1.492722,1.6901281,1.8702307,59,1.0
0.8826984835872727,180.2174825190909,113.3377125899481,6.8,3.2,0.3173914,0.57010937,0.83136797,1.0799661,1.3156772,1.5373349,1.7449679,1.9384055,59,0.9999999999515836
0.8853885752421136,239.3779713059603,56.479432189617775,6.2,3.5,0.308326,0.4886005,0.7114556,0.9174993,1.1172335,1.3062785,1.4861095,1.6572626,59,0.9998031970430815
0.6279454234873245,253.2161051152004,132.84549163188117,5.6,2.0,0.19798851,0.36202025,0.52348876,0.6779983,0.82573414,0.96616125,1.0985949,1.2237151,59,0.999997978395881
0.8210845420272506,173.7635901123009,35.02441189130763,6.7,2.2,0.25246334,0.49596572,0.7412889,0.9772923,1.2022483,1.4140368,1.6106861,1.7938089,59,0.9992213025721735
0.8306719513538467,226.30697246890475,5.260365800545053,5.1,2.7,0.2687757,0.46358943,0.67409205,0.87082195,1.0577149,1.234333,1.3995483,1.5546062,59,0.9999999106271891
0.6868766537504014,240.2780872808678,12.437982374656896,5.0,2.1,0.22671819,0.4233601,0.6185458,0.803936,0.9784639,1.1425476,1.2947931,1.4365668,59,0.9999999999996199
0.8569797577363694,211.86897895595865,44.541477880958304,5.4,3.0,0.2914362,0.49708915,0.7235184,0.9330616,1.1327596,1.321228,1.497766,1.6633606,59,0.9998799428235895
0.9491381279184784,181.28060936745388,78.95994004465696,4.3,2.5,0.2316029,0.38971257,0.56416893,0.7290604,0.88422704,1.0314562,1.170367,1.3011122,59,0.9999576166770701
0.955048638756729,152.49331175877586,168.32898647644834,6.0,2.5,0.24491167,0.43378162,0.63852215,0.83091545,1.0162044,1.1924958,1.3590891,1.51581,59,0.9999918326911386
0.9901399983685462,207.9416823559806,82.21615791992272,5.0,3.0,0.25647354,0.39924765,0.5773475,0.7423332,0.9025862,1.0574603,1.2041135,1.3438358,59,0.9875184617556872
0.7751375440250059,115.74981408836427,379.5414929879145,6.3,2.0,0.20964313,0.40958977,0.593663,0.768476,0.9325731,1.0856667,1.2265713,1.3568616,59,0.9991292724969445
0.9647065897919028,169.00835607326812,96.81044876925542,5.2,3.0,0.2869544,0.4839406,0.70405436,0.9079771,1.1021781,1.2856102,1.4572196,1.6180782,59,0.999653127431035
0.8209115031095005,213.94997547504184,159.66894361183296,5.7,2.8,0.25627112,0.42875218,0.61898184,0.7948749,0.9641974,1.1253674,1.2773104,1.4207668,59,0.999904010346349
0.9626436438962028,183.572447754946,134.77610842547247,6.1,3.2,0.29312134,0.47867084,0.69753385,0.90114164,1.0967255,1.2826309,1.4587445,1.6254196,59,0.9999933551941711
0.8001707671324882,245.02364547237093,29.08338598245299,5.2,2.5,0.2394104,0.40953302,0.5947082,0.7695279,0.93650603,1.0959549,1.2464421,1.388546,59,0.9999989165963974
0.9322811155260436,186.09631153691123,243.7556169998716,6.0,3.1,0.26666808,0.41865873,0.6029525,0.7735932,0.9386759,1.0962443,1.2461157,1.388967,59,0.7669042915735644
0.9823030285414124,149.33216757896352,136.78752550053383,5.9,2.7,0.2683277,0.47231555,0.69541216,0.90390825,1.1033843,1.2922437,1.4697669,1.6365411,59,0.9999999990266559
0.740463544679512,204.81429396207628,26.58856879643561,6.4,2.5,0.29088974,0.57236147,0.8462119,1.1049311,1.3459823,1.5689802,1.7732034,1.9602594,59,0.9999954611796611
0.8898332015569526,196.59870749062813,258.7176159811685,6.6,3.1,0.26486516,0.4231143,0.60656524,0.7813742,0.9508543,1.1123333,1.2667904,1.414576,59,0.9982084636651694
0.8630969411641802,182.05336944671373,248.29511258978124,6.1,2.8,0.25148535,0.42192507,0.60859203,0.7832997,0.9507737,1.1104755,1.2614436,1.404221,59,0.9998897436610841
0.8183596074726736,203.2221424168608,185.2365565110376,4.8,2.4,0.21436048,0.35819817,0.5122163,0.65732193,0.7947886,0.9255636,1.049541,1.1663125,59,0.6259135075298524
0.9817300418230076,204.1177647497037,76.40461209666935,6.7,4.1,0.34309864,0.5412893,0.7960305,1.0272541,1.2511692,1.4632578,1.6648631,1.8564482,59,0.9995083655838904
0.8684874636908864,224.0168053782257,93.02011047365046,6.4,3.6,0.32175112,0.52680945,0.76184916,0.9824698,1.1931522,1.3923686,1.5806754,1.7587626,59,0.9999418987553921
0.674114805267612,224.2012079609202,255.75717367482463,6.8,2.5,0.23586082,0.42532492,0.60975623,0.7868962,0.9559481,1.116528,1.2681079,1.4106226,59,0.9999985271833448
0.8483664527459625,146.7668909167163,10.939941096891648,6.6,2.2,0.2802465,0.573416,0.8627875,1.1383121,1.3955789,1.6332092,1.8497252,2.0473027,59,1.0
0.8805445557701308,128.31222639096484,66.75229768269713,6.8,2.0,0.25193143,0.51589036,0.7788937,1.0332012,1.2738798,1.498677,1.7051916,1.8948939,59,0.9998402870643796
0.8729388136126017,237.3540764467465,179.36655265230291,6.6,3.2,0.2695353,0.41615033,0.59773827,0.76944065,0.93751764,1.0975671,1.251235,1.3987927,59,0.9132315378525235
0.9793464016003296,152.95709348402278,71.34781562767012,3.8,2.3,0.21599007,0.38028693,0.5483837,0.7104683,0.8617585,1.0044563,1.1375153,1.2626846,59,0.9999655064757916
0.7444917849016066,256.3242854713014,220.71986650045244,6.9,3.1,0.26545215,0.4313271,0.6115899,0.78587866,0.95458984,1.1152768,1.2689943,1.416018,59,0.6420552743600777
0.8559369751667292,220.79674977710383,141.28615214440453,7.0,3.9,0.33546042,0.55620503,0.8040817,1.0383265,1.2609599,1.4720061,1.6717856,1.8599823,59,0.9999644638240188
0.6155747748433251,256.2180844204994,137.3861818826037,6.6,2.2,0.22222924,0.42022538,0.6114383,0.7954278,0.971086,1.1379952,1.2945025,1.4410837,59,0.9999999992021991
0.8953653237929271,234.22955166877767,51.33933623106657,6.4,4.3,0.35408354,0.56365395,0.8233223,1.060502,1.2867384,1.4999542,1.7019548,1.892693,59,0.9564899960323292
0.9371129418363464,163.02097361058705,52.42491369624385,5.7,2.6,0.27194047,0.49288535,0.72861195,0.9493699,1.1599746,1.3585398,1.5443542,1.7176254,59,0.9999999999716742
0.91627883723436,124.17748389792987,307.1141372163543,6.4,2.5,0.24904013,0.45768595,0.6665833,0.86484814,1.0522287,1.2292147,1.3939683,1.5477228,59,0.9999999999950582
0.8327644173733857,183.47247086281507,53.65919149083069,5.3,2.6,0.28048182,0.51595545,0.7548058,0.9780195,1.1872706,1.3824847,1.5627964,1.7293904,59,0.998693353983675
0.9637795657455126,106.02115238702427,361.32857570931816,6.3,2.2,0.20823717,0.3805015,0.5545511,0.7203946,0.87923217,1.0310936,1.1738856,1.3080304,59,0.9999997576708965
0.7090149749034076,210.9770764983089,126.89705631713974,6.7,2.6,0.2767291,0.53278065,0.7800131,1.0158348,1.2374,1.4447215,1.6360991,1.8127906,59,0.9999999999998135
0.8930204599923341,221.9837275062505,67.6446158111347,6.0,3.3,0.3001728,0.48715496,0.7095859,0.9149077,1.1126401,1.3000963,1.4775441,1.6456091,59,0.999959348820424
0.8601736251670071,136.20317917367518,51.44452518796352,6.3,2.2,0.27833486,0.56916857,0.8538182,1.1233137,1.3736482,1.6040461,1.8134861,2.0033512,59,0.999999999985369
0.9195656720280264,144.43192097712404,233.8670496213796,5.1,2.1,0.1937139,0.3430369,0.49765277,0.6464224,0.7886076,0.9243319,1.0526876,1.1741879,59,0.9999203979248785
0.864964739145911,155.91880255665694,386.4899572949218,6.5,2.4,0.19988847,0.33552074,0.4805503,0.61662436,0.74877477,0.8762343,0.9984653,1.1148834,59,0.7565159461246229
0.8749496603881461,168.75595398761712,181.50020373692092,5.7,2.3,0.21698022,0.38790846,0.56690454,0.7371311,0.90055394,1.0560918,1.2037098,1.3428721,59,0.9999589663298811
0.6600896693245717,271.1668313332902,26.565306211881754,5.1,2.1,0.20998883,0.38049197,0.5529547,0.71765614,0.8742609,1.023385,1.1638997,1.2955341,59,0.9999999485964195
0.7545619506018906,297.2446131328117,4.420912250650355,6.5,3.5,0.31459117,0.51770496,0.7477548,0.96492314,1.1737492,1.3712218,1.5583541,1.7361958,59,0.9999294052051755
0.6740904216483714,183.1688073480694,321.5590651724938,6.9,2.1,0.19681644,0.367671,0.5297446,0.686599,0.83727646,0.9820304,1.1186988,1.2480721,59,0.9997786356471117
0.6901312503469891,252.1542020950817,136.33044034685406,6.6,3.0,0.2880497,0.5162718,0.7418778,0.9578986,1.1618261,1.3540802,1.5339174,1.7022133,59,0.9800632377052523
0.9168373628040754,151.29721991549567,78.20104683448292,4.7,2.3,0.2424016,0.44437933,0.6510668,0.84549,1.0279462,1.1986756,1.3572791,1.5040495,59,0.9999999879005479
0.8234533489565596,196.06900810606808,30.820620491680906,5.2,2.6,0.2768948,0.5031738,0.7351606,0.95207167,1.156004,1.3463607,1.5230525,1.6868117,59,0.9978222624794989
0.9105821583786609,114.93841470283972,309.55865181762795,7.0,2.6,0.26736307,0.5136664,0.752944,0.98259854,1.1988525,1.4015827,1.5895092,1.7634923,59,0.9999999999999947
0.9082300402305072,219.97371489446297,59.62846802660393,6.9,4.4,0.362535,0.5980134,0.8786354,1.1354985,1.3792124,1.6093831,1.8269868,2.0320764,59,0.9999263005638187
0.968691218242958,191.26008702264983,267.44185514871447,6.7,3.4,0.27937007,0.42289567,0.605309,0.7773547,0.94696903,1.107338,1.2613926,1.4093509,59,0.8097224576422737
0.860166897002175,154.56206955388595,348.8328254789027,6.0,2.6,0.2313695,0.3910997,0.55916977,0.71520853,0.86498046,1.0076978,1.1426759,1.269938,59,0.6020286101666469
0.8716251818519483,137.2168079544816,316.4874594134889,5.2,2.1,0.19154787,0.33538818,0.48075986,0.6186967,0.75014114,0.8750918,0.9926326,1.1037621,59,0.994825597485813
0.6037849993503521,284.4907170314956,101.8152965517277,6.4,2.5,0.25405264,0.47004676,0.67868614,0.87738967,1.0644524,1.2411921,1.4056089,1.5590467,59,0.9999471606105461
0.6724439268627168,232.99621697119483,7.583785803842069,5.1,2.1,0.23909259,0.45903444,0.6727011,0.874326,1.0635784,1.2391698,1.4010618,1.5498216,59,0.9999998518059762
0.6648178611439848,216.54676408947745,244.84226306471112,6.1,2.2,0.20904684,0.3786018,0.5438888,0.7007308,0.85005546,0.9927511,1.126966,1.2527037,59,0.9999957177513281
0.9637038032398884,124.64387874011192,154.13963919929628,5.3,2.4,0.25819087,0.4817841,0.7079861,0.9206197,1.120125,1.3061624,1.4780753,1.6366346,59,0.9999999985048227
0.7131448011411772,193.96533417540985,159.47587869910308,6.8,2.4,0.25868726,0.50666165,0.74505377,0.9728401,1.1874244,1.3879404,1.5730646,1.7439673,59,1.0
0.7065421798867881,250.2480804360386,194.52553211804263,6.8,2.6,0.23292446,0.402277,0.57975125,0.74971724,0.91396856,1.0717471,1.2224417,1.3658876,59,0.9758744195593602
0.9113768172646596,242.61643408515368,54.28012096543671,6.5,3.6,0.31029177,0.4818771,0.70235515,0.90574336,1.1044128,1.2929909,1.4729908,1.6451375,59,0.9999281909633254
0.7351823412416301,208.7822899840044,105.59796819345202,6.1,2.6,0.27601194,0.51947355,0.7589226,0.98510695,1.1975045,1.3955321,1.5790699,1.74878,59,0.9999988050082339
0.6559649131242838,193.94837876503613,134.3790925755962,6.7,2.1,0.2452004,0.50336075,0.74803615,0.98229194,1.2011404,1.4039102,1.5887988,1.7577796,59,1.0
0.6215962509862634,294.4793961573265,31.854414706381327,6.8,2.7,0.27980804,0.5252757,0.76341534,0.99126434,1.2064409,1.4083931,1.5962045,1.7709949,59,0.9999999999875016
0.9835159956781532,151.89416089479258,182.95910114784127,6.2,2.7,0.25647068,0.44240332,0.65026665,0.84449077,1.0316012,1.2104969,1.3792646,1.5389497,59,0.999992466755772
0.6695790028178767,179.02894088162597,278.5951839339615,6.9,2.3,0.23702717,0.4658625,0.67713237,0.87897277,1.0686922,1.2456682,1.4092984,1.5603037,59,0.9999999727008312
0.6145044826244701,231.62827801421443,23.954013248819408,6.5,2.1,0.25901532,0.5382886,0.80336046,1.0553095,1.2887354,1.5029685,1.697583,1.8736987,59,0.999977394333487
0.8405926803461725,170.24497953304004,187.2914346283437,5.1,2.1,0.19922805,0.3558457,0.51667976,0.67087984,0.817883,0.9580741,1.0904498,1.2150245,59,0.9999994072732112
0.9845871634017588,201.55606930246984,57.32716646799756,5.5,3.5,0.30991316,0.4855237,0.7092216,0.9111059,1.1070654,1.2929385,1.4685028,1.6350925,59,0.9950256322067086
0.9861984784741892,245.23616163218625,11.26849628879305,5.6,3.5,0.2944379,0.4336326,0.6365454,0.8172085,0.99496007,1.1659529,1.3281076,1.4844983,59,0.9562105587357312
0.8464989604608781,172.05295080092313,4.930359762173131,6.3,2.3,0.2628975,0.51188636,0.76441765,1.0057166,1.2341633,1.4481997,1.6474125,1.831455,59,0.9999999993436637
0.6475115657979629,255.77917647680647,114.3311799698456,6.7,2.5,0.25667763,0.4812057,0.6998217,0.90912867,1.1068702,1.2936821,1.468014,1.6305008,59,0.9999999999929194
0.8741124411424923,211.32075741881272,173.7483788340167,6.7,3.4,0.29982805,0.4891615,0.70397425,0.9079108,1.1047544,1.2909689,1.4681711,1.6363239,59,0.9998048670162745
0.7969029907878652,204.90607217491188,60.69779407526057,6.6,3.2,0.33232713,0.61836314,0.9007716,1.1683087,1.4186268,1.6514835,1.8669567,2.0654573,59,0.9871960024096822
0.8985509379451486,160.44915275815714,30.575659242945985,5.0,2.1,0.22782516,0.42799544,0.6324451,0.82906604,1.0149813,1.1906466,1.3546095,1.5075884,59,0.9999999980650713
0.6561848902184491,155.58012217709262,347.6845957031584,6.5,2.0,0.2087307,0.40973592,0.5915117,0.76416564,0.9262464,1.0776737,1.2176325,1.3467348,59,0.9149947353092945
0.95147948094576,113.66287923543796,326.41090680744685,5.6,2.3,0.21862388,0.39423656,0.57036996,0.73682785,0.8945935,1.0437124,1.1830595,1.3131251,59,0.9999999729939478
0.9965626245104656,93.45150240472653,385.98309131315744,5.8,2.1,0.19564319,0.35479307,0.51406693,0.6663408,0.8114288,0.94941235,1.0792398,1.2017827,59,0.9999988292592065
0.99171272072116,98.37870679463644,353.88538862460325,5.6,2.0,0.18993449,0.34531498,0.5016117,0.65109754,0.7940285,0.9299798,1.0581732,1.1789896,59,0.9999992201468796
0.8504940868944066,173.12120277560504,306.62363594573094,6.6,2.8,0.2480905,0.42114544,0.603807,0.7786846,0.94556355,1.1048055,1.2557349,1.3986511,59,0.9998211707874868
0.7100176904143578,293.7734226723975,0.4237582402427442,6.7,3.3,0.314224,0.5478389,0.791136,1.0229509,1.2433507,1.4512441,1.6466453,1.8305833,59,0.9999999495047843
0.8624302488967832,169.88630394861585,330.8440475943841,6.7,2.8,0.24295282,0.40695643,0.5820384,0.749892,0.91054416,1.0638263,1.2096345,1.3482971,59,0.996368870974889
0.9341916552755642,144.37518680437336,46.31481337354116,6.6,2.4,0.27081466,0.5222926,0.78104997,1.0284362,1.2636046,1.4846857,1.6907132,1.8820331,59,0.9999968429588262
0.8765072949286272,219.3184193804456,149.16705421710196,6.9,4.0,0.33498,0.5426216,0.78520393,1.0128293,1.2303386,1.4364958,1.6323676,1.817565,59,0.9992469400354093
0.981847878610282,154.47295651721092,151.84317498608695,6.0,3.1,0.29837704,0.51103806,0.746974,0.9671788,1.176806,1.3750515,1.5611095,1.7357736,59,0.9999999901440475
0.8496166905708467,167.30844032785092,310.92920899816704,6.4,2.8,0.25170135,0.42901444,0.614367,0.7902465,0.9574528,1.1164234,1.266273,1.4075637,59,0.9997426383628853
0.8847830701300767,171.29300352241452,261.0074676324281,7.0,3.2,0.29194713,0.501806,0.7199683,0.9302082,1.1311193,1.321476,1.5011129,1.6707773,59,0.9999970173649474
0.956362412526347,226.9680894443784,48.40771502611059,5.3,3.2,0.2804134,0.43084812,0.62654996,0.8032384,0.9756594,1.1413789,1.2981815,1.4479718,59,0.8526096914606554
0.9886202570183632,69.95304635989928,328.4415128067776,6.5,2.1,0.24608183,0.5084417,0.75858307,0.9962599,1.2170839,1.4193065,1.6021042,1.7673957,59,0.9990148262022291
0.8992333041080807,129.82478355758374,24.163167279914568,6.7,2.3,0.29048204,0.5952103,0.8959956,1.1817377,1.4481623,1.6939361,1.9176896,2.1215913,59,1.0
0.6198455280976556,291.9261390883439,18.89339103962397,6.5,2.3,0.23530626,0.4427619,0.64949965,0.84697866,1.0357738,1.2155194,1.3839769,1.5418024,59,0.9999999465845445
0.7222874592539801,201.3867077579096,94.68985024261882,5.8,2.2,0.2425096,0.46660113,0.6852648,0.89216995,1.0871804,1.2697449,1.437948,1.5934293,59,0.9999999999999964
0.6439957877689876,249.87671750259352,135.22519257907842,6.5,2.2,0.2186687,0.4076147,0.59371066,0.772141,0.9433615,1.106235,1.2601168,1.4046683,59,0.9999993073365677
0.8589590709588568,162.3991406780064,111.56288364258052,4.9,2.3,0.2405281,0.44211578,0.6457107,0.8371892,1.0171549,1.1851804,1.3414719,1.4860342,59,0.9999966366153912
0.9334707596025876,154.66736769440567,287.7510026762908,6.2,3.1,0.2798853,0.46544957,0.6680019,0.85934496,1.0411692,1.2135463,1.3760056,1.529252,59,0.9372380505993976
0.6874515105181168,257.1650044067801,47.87522500577115,5.7,2.6,0.26716232,0.484421,0.70318365,0.9078369,1.1015763,1.2835972,1.4528258,1.610482,59,0.989318287281737
0.91234574931117,240.17944831223767,41.04457013866467,7.0,4.4,0.35386896,0.56118536,0.8285074,1.0696669,1.3017464,1.5210233,1.7301579,1.9286323,59,0.9967900010723992
0.6344093651330855,271.2394112284829,91.16960080937808,6.0,2.3,0.22648716,0.41463947,0.60206556,0.77966404,0.94922924,1.109824,1.2608263,1.4028053,59,0.9999999862245446
0.8527209470940187,244.80304647927244,103.79037337489758,5.9,3.2,0.2822609,0.44360495,0.64143467,0.82371616,1.0001187,1.1680765,1.3277454,1.4797459,59,0.964437567504149
0.9923052017744964,122.06196078820597,199.84940245707327,6.6,3.2,0.32694578,0.60455966,0.8832927,1.1471763,1.3943744,1.6245041,1.8373871,2.0338569,59,0.9999484468032481
0.8920350179489691,172.77978155238984,154.53945791091348,6.4,2.6,0.2524264,0.4494784,0.6611762,0.8615861,1.0541995,1.2378201,1.4114211,1.575248,59,0.9997223381836277
0.91236458915941,136.52240957214542,174.80757723994014,4.9,2.1,0.21479082,0.39504004,0.57831264,0.7523093,0.91718817,1.0724032,1.2171369,1.3521612,59,0.9999999999342677
0.927896376785958,102.15221676031062,143.81835262270917,7.0,2.0,0.2527759,0.52429605,0.792804,1.0521846,1.2966542,1.5240448,1.7322328,1.9221439,59,0.9999998751412746
0.8486230314801073,137.0851752997557,102.33421590457898,6.0,2.1,0.25093246,0.50459313,0.7536397,0.9914589,1.2141857,1.4211283,1.6103928,1.7838695,59,1.0
0.9851924550457608,135.3402899998434,62.07796184405132,6.9,3.2,0.3465917,0.6557956,0.96847963,1.2636304,1.540647,1.7982645,2.035729,2.2547526,59,0.9999999999995186
0.7944217701983248,256.9968533699824,85.40916849642169,6.4,2.9,0.26331258,0.43634033,0.63407755,0.8203349,1.0000737,1.1723084,1.3359299,1.4916878,59,0.999952961982766
0.8184141549388708,138.47012602666567,165.46248611832323,5.9,2.0,0.23229432,0.461627,0.684778,0.8984847,1.099246,1.2858019,1.4577298,1.6156802,59,1.0
0.9828951169098146,164.91743817055354,16.484001564981998,6.5,3.0,0.30656028,0.5457194,0.8093014,1.0569172,1.293705,1.517602,1.7280197,1.925117,59,0.9999999918250086
0.9599414759626153,148.73135826207596,72.72119227244853,5.9,2.5,0.26791286,0.49319005,0.7318263,0.9562695,1.17014,1.3718982,1.5603652,1.7359519,59,0.9999999999606626
0.9578728324536938,113.18130253079542,69.35658678724445,6.5,2.4,0.29776216,0.60339284,0.9053664,1.1909752,1.4562633,1.7003748,1.922445,2.1242998,59,0.9999999999859011
0.6751523011457288,298.4774675776215,39.385418840802046,6.6,3.2,0.3065381,0.53747916,0.77107954,0.9949436,1.2066426,1.4060259,1.5933647,1.7692628,59,0.9120330310152782
0.8565453711701427,248.57286799345283,26.062861252879177,5.3,3.1,0.28177357,0.45036983,0.6532407,0.83845687,1.0181684,1.1895533,1.3516421,1.5051436,59,0.9966041862003999
0.9568011377166248,148.12069530722565,313.7729221238411,6.9,3.1,0.27523398,0.4625659,0.66444635,0.8591306,1.0458379,1.2235537,1.3921652,1.5520606,59,0.9999901876986302
0.8152237647271594,260.28083695252343,5.56061647472057,6.8,3.1,0.29058576,0.49112988,0.71736217,0.9322176,1.1403561,1.3391113,1.5279593,1.707614,59,0.9694344462595408
0.8698144101911012,127.24475007409164,130.4803916453881,6.4,2.1,0.24893522,0.50301814,0.7534342,0.99402905,1.2205479,1.4313359,1.6249218,1.8030028,59,0.9999999999993798
0.7367219911961118,223.09818054880824,106.84155153870596,5.6,2.2,0.21799088,0.3959391,0.57714415,0.7492063,0.9141617,1.0708003,1.2183495,1.3572197,59,0.999999987527616
0.7543104932659139,178.0856911123197,74.21290684369741,6.4,2.3,0.26905775,0.5404844,0.8032274,1.0522864,1.2846355,1.4998229,1.6962178,1.8760645,59,0.9999999999996474
0.8818872290444937,220.31078060506948,62.33785088378268,6.6,3.3,0.30484343,0.51046944,0.7446196,0.96485066,1.1770933,1.3781421,1.5690773,1.7497799,59,0.9999998675474745
0.9971205695710524,209.95338439435315,36.21131615794803,6.8,4.7,0.3650651,0.57504797,0.8577299,1.1067128,1.3472095,1.5732818,1.789103,1.9940233,59,0.8993490864670809
0.7187066267619528,201.94508726512603,67.70381645253467,5.8,2.2,0.25032258,0.48814774,0.7191615,0.93758845,1.1424906,1.3326964,1.5075037,1.6686041,59,0.9999999999991314
0.9710057778735466,182.74386616459847,142.7895370433615,5.6,2.7,0.24284124,0.3994646,0.58376527,0.7535217,0.9189484,1.0781236,1.2293301,1.3729684,59,0.9956380559498667
0.9833386657225832,137.3121285988381,172.6240501041489,6.1,2.8,0.27933478,0.49952793,0.7341044,0.9545016,1.1634045,1.3608508,1.5451999,1.7174997,59,0.999999999952653
0.9827403595108996,247.958497623669,42.62073410006168,6.7,4.2,0.33195782,0.4807086,0.7133813,0.9162054,1.1184001,1.3087344,1.4929113,1.6689482,59,0.9177860733712818
0.9065583051434218,171.25802210094255,58.68005723485732,6.4,3.4,0.3467052,0.63138294,0.92341805,1.1977696,1.4545975,1.6936364,1.9144449,2.1189508,59,0.977033082269048
0.9113017362166662,149.4505493315287,89.54368722501064,6.4,2.4,0.26143909,0.49749398,0.7402661,0.97139096,1.1913037,1.3984027,1.5917246,1.7710998,59,0.9999999909986723
0.8125887332796922,235.46524421762248,52.95971367908092,6.6,2.9,0.2789166,0.48410583,0.7078357,0.920279,1.1242471,1.3186088,1.50208,1.6755805,59,0.9999995532623188
0.973151935617926,121.10309105690844,68.69750832512507,6.2,2.6,0.305732,0.5972357,0.89014935,1.1656811,1.4228656,1.6609814,1.8787463,2.0775034,59,0.9999999999944493
0.7618377612149656,236.08105577251152,24.274643281824737,6.9,2.9,0.29858875,0.5494473,0.8044946,1.0486591,1.2800331,1.4982071,1.7018986,1.8923111,59,0.9999999999787761
0.7067763773255049,262.6592189811218,49.67739634084993,6.8,3.2,0.317765,0.5777912,0.8344102,1.0797396,1.3112378,1.5279818,1.7305646,1.9189296,59,0.9963991194322992
0.6602989763727719,244.90384419799943,129.0972790926606,6.8,2.6,0.26445842,0.49811745,0.7247505,0.9417591,1.1475577,1.3411331,1.5217674,1.6900299,59,0.9999999999972928
0.9006891173617202,114.36581348611294,226.71357149179715,6.5,2.2,0.24616289,0.48779082,0.7239895,0.95013213,1.1629467,1.3616385,1.544626,1.7130773,59,1.0
0.928236557451768,172.0034222763119,319.1108930608312,6.9,3.2,0.27217698,0.43600655,0.62049985,0.7980156,0.9699378,1.1330762,1.2890439,1.4376321,59,0.8752742524872379
0.9734487482946096,149.73706454101207,71.95302037478535,5.2,2.3,0.2332704,0.42554212,0.6268482,0.8199146,1.0031319,1.1769545,1.3402667,1.4932959,59,0.9999998509166308
0.984077667817264,174.23079483225857,175.7604009935478,6.3,3.2,0.28793502,0.46691537,0.67923355,0.87788725,1.0694585,1.2515559,1.4242439,1.5885239,59,0.9999939241158257
0.9056625255533904,172.16357707946574,285.09144292717536,6.8,2.9,0.25464702,0.42381454,0.6100557,0.7889693,0.96152997,1.126143,1.2831016,1.4324455,59,0.9999632319747016
0.9720748683212936,95.40976871787724,376.2131094723383,6.8,2.7,0.2726159,0.5155115,0.74894476,0.9713931,1.1794236,1.3732688,1.5523875,1.7174609,59,0.9997133889068568
0.9753144118042824,197.82552468871603,69.80941369210902,7.0,4.2,0.3542695,0.5775652,0.85183287,1.1016159,1.3416672,1.5686693,1.7843661,1.9880328,59,0.9999489479213721
0.6298902772097482,229.4708770066355,202.60918674973905,6.6,2.3,0.22871685,0.43336058,0.62771606,0.81324077,0.98967767,1.1558292,1.3114965,1.4568217,59,0.999999999873971
0.8906359504948063,250.7503214329124,114.19939786857154,5.9,3.2,0.27073073,0.40780354,0.5905261,0.75751376,0.9206486,1.0770645,1.2263584,1.3696074,59,0.7201962414792067
0.9773168027518656,199.28978342362709,13.728446529771166,6.6,3.3,0.3082738,0.51088786,0.75335765,0.97849154,1.1973298,1.4049637,1.6026204,1.78989,59,0.9994259568047715
0.8661292946113914,160.245068661669,336.8003381803164,6.7,2.7,0.24078798,0.4109578,0.58934975,0.7600341,0.92320704,1.0789785,1.2265334,1.3664205,59,0.9998353685110751
0.8944989444673734,171.77237459292508,32.877075806191726,6.2,3.0,0.31974173,0.5900507,0.86962676,1.13164,1.3778849,1.6077352,1.8207536,2.0169086,59,0.9999999997740918
0.8765409562581461,134.47211104519363,322.5661080970198,6.8,2.8,0.27129483,0.4987812,0.7206652,0.9332528,1.1330628,1.3208385,1.4957137,1.6585293,59,0.9999383369508162
0.9099052527113968,243.7306697358631,11.26842064187299,6.7,3.7,0.3252151,0.51505876,0.75431466,0.9745796,1.1891277,1.3927367,1.5865166,1.7714951,59,0.9999934837173026
0.7964041697136865,212.36659924039623,149.39547064703805,5.8,2.7,0.25818944,0.44548702,0.64489126,0.8304956,1.0081,1.1764696,1.3344643,1.4829867,59,0.9999997678006401
0.8316796599033758,179.67845665069547,155.50163933960772,6.9,2.8,0.2810831,0.5183306,0.7582226,0.9883473,1.2060921,1.4119201,1.6043425,1.7840738,59,0.999999999975671
0.8385659989188912,189.7005719432399,97.05209411370372,6.4,3.2,0.32469463,0.58899426,0.8563366,1.1086035,1.3449464,1.5660024,1.770606,1.9607401,59,0.6697416654369682
0.6230996799870419,288.7447904382175,75.23405819315943,5.1,2.2,0.21282172,0.37467265,0.53719115,0.6908462,0.83657765,0.9749708,1.1049223,1.2269776,59,0.9976610254708042
0.8047511949513457,224.76730386569545,17.97364496544138,6.5,2.6,0.26395845,0.4783039,0.7065277,0.9231057,1.1315515,1.3298454,1.5168417,1.692991,59,0.994678891110018
0.6554811766082194,249.3566163938665,148.57584676935323,5.1,2.0,0.18874598,0.33156776,0.47608376,0.61342,0.7448499,0.8698249,0.98801255,1.1003551,59,0.9644753910217022
0.927345088355084,167.42775806312756,53.00196813204536,5.9,2.4,0.24801707,0.45385528,0.6737025,0.8819382,1.081675,1.271611,1.450244,1.6179435,59,0.9922269798130688
0.7935563460354875,183.88477551621315,50.80850093547555,5.5,2.4,0.27078176,0.51717806,0.76044893,0.9887018,1.2017126,1.3989103,1.5802472,1.7471988,59,0.9622746441237192
0.7317466439925295,266.56274246476505,82.02139122159844,6.6,2.7,0.2536795,0.43941355,0.63880396,0.82870054,1.0114667,1.186209,1.3519256,1.5093071,59,0.9999586366063713
0.8920070879255182,176.74198763280904,11.652443641413868,5.9,2.6,0.2810297,0.51883507,0.76928043,1.0048265,1.2283924,1.4388545,1.6347301,1.8173053,59,0.9999999999961631
0.7861093173387046,186.26262282812985,12.815534457197542,5.7,2.1,0.24150014,0.47110868,0.70037794,0.91933775,1.1266851,1.3212171,1.50089,1.6678908,59,0.9999999999965485
0.9726168315825344,151.39435284370572,269.81461139859294,6.5,3.1,0.27886248,0.4648044,0.6716039,0.8683572,1.0565677,1.235508,1.4049916,1.5654936,59,0.9999946278350568
0.9690881440084425,139.527962488492,157.1308449326609,5.9,3.1,0.31396127,0.5611868,0.81981325,1.0609293,1.2881508,1.5003204,1.6971059,1.8800225,59,0.9211923027951875
0.980905252410574,128.40889069484666,71.23680068475716,5.9,2.6,0.2932129,0.55678153,0.82747483,1.0817468,1.3208735,1.5439684,1.7493589,1.9389641,59,1.0
0.9749432975558464,200.2894834907851,130.67626775098384,5.0,2.8,0.23722696,0.37491107,0.5396521,0.694432,0.8432758,0.98770666,1.1241896,1.2544012,59,0.9359596533599871
0.7055262099218579,242.9156400613938,144.47151721957633,6.7,2.5,0.24150944,0.4341967,0.63089013,0.8193989,0.99993396,1.1721804,1.3351548,1.4887719,59,0.9999997519489826
0.6903788863682154,277.0024020154354,5.897526444210621,5.5,2.5,0.25454807,0.45332575,0.65851974,0.8508563,1.0335667,1.2062342,1.3677123,1.5186691,59,0.9999999909855113
0.97520628316674,134.27789678865557,63.62930669366635,6.0,2.6,0.28971028,0.5464983,0.81252766,1.0626111,1.2988763,1.5198891,1.7239573,1.9133079,59,0.9999999999999822
0.9544306604046512,234.140453509038,63.33030310204579,6.9,4.4,0.34649515,0.5284071,0.7823901,1.0081687,1.2279878,1.435296,1.6341391,1.8232822,59,0.9595217592691312
0.94163617664433,152.20189904605522,202.03777207745915,4.8,2.2,0.20197964,0.35015655,0.506691,0.65652585,0.79835963,0.9333844,1.0613637,1.1820412,59,0.9999363651984416
0.5685655536637408,262.28651569951745,76.11922478998711,6.8,2.0,0.22595692,0.45366192,0.6704099,0.8796997,1.078157,1.2642219,1.4368176,1.5963433,59,0.9999999999942695
0.924191646857872,214.77510336534692,71.19193464685681,5.3,2.9,0.26199508,0.42261767,0.6147697,0.79103684,0.9624331,1.126576,1.2819357,1.4292259,59,0.9998472858658938
0.7295153257346845,264.5707173262161,17.556836506213447,7.0,3.6,0.34531283,0.62536263,0.90483785,1.171304,1.4216101,1.6565945,1.8759124,2.079952,59,0.9430182372071857
0.8269725611544789,208.65802686947305,206.230022267459,5.4,2.4,0.20768833,0.3464055,0.4984722,0.6409366,0.77853584,0.91118145,1.0368953,1.1573226,59,0.9689587513985802
0.9809911984569686,168.83277470279216,74.20893660491075,6.1,3.6,0.34033036,0.5788243,0.8464358,1.0940988,1.3293803,1.5498784,1.7569296,1.9503443,59,0.9990069991759047
0.6327788267006036,242.7544864101983,185.3722059855894,6.5,2.2,0.21427798,0.39690113,0.57454205,0.7445407,0.90759397,1.0627155,1.2087638,1.3460684,59,0.9999999663507607
0.9927218594172532,186.700679237686,93.8821692676322,6.0,2.9,0.26489758,0.43326116,0.6379192,0.8274677,1.0107367,1.1872001,1.3548069,1.5145097,59,0.6438374133542508
0.9211205368847866,160.50049756566276,156.9906237896604,4.5,2.1,0.1935997,0.33807945,0.4903562,0.63715863,0.77617455,0.90855813,1.0335147,1.1522148,59,0.9999668593437642
0.7526023504032029,232.4348625076373,9.662846079393184,5.9,2.6,0.27523208,0.506897,0.7447362,0.96806,1.180057,1.3792429,1.5646207,1.736934,59,0.9999999999995417
0.6702122848870873,244.72201187373824,129.38383856703402,5.9,2.2,0.21606612,0.39390135,0.5721123,0.74132204,0.9034052,1.0576694,1.2027459,1.339267,59,0.9999999663538836
0.8149884178956619,202.9952587470288,160.39086658588752,6.8,3.3,0.31156754,0.5502496,0.7934611,1.0260503,1.2462003,1.4536698,1.6479661,1.8301976,59,0.9999926662052304
0.7411040615967504,278.53268492092434,14.756764332706007,5.0,2.4,0.22166371,0.37754583,0.5453682,0.70495677,0.8574226,1.0028889,1.1407998,1.2720139,59,0.9999101238494124
0.6942310702122723,215.720045671168,166.1242005276299,6.9,2.7,0.27968502,0.5327058,0.77366066,1.0038369,1.2199883,1.4220378,1.6088603,1.781626,59,0.9999979463667243
0.9149348201568824,173.01906662131887,170.50481540027369,4.5,2.3,0.202909,0.34353852,0.4952104,0.63951755,0.77552414,0.905565,1.0284915,1.1442378,59,0.9951845211574247
0.8447379285638821,256.0235133144474,114.10375044850343,6.2,3.4,0.29163003,0.45006275,0.64761066,0.8321924,1.0113759,1.1809497,1.3427095,1.4972963,59,0.8010391485975223
0.6901122935160622,277.23461540293573,115.22662613345572,6.8,2.7,0.25058627,0.4356947,0.6290953,0.8147731,0.9933803,1.1639855,1.3259304,1.4796202,59,0.9999973206590512
0.9005372634777515,170.37903717981288,181.27728596153383,6.9,2.7,0.25903034,0.4588189,0.6722369,0.8763771,1.0728977,1.2603655,1.4378078,1.6055701,59,0.9909369629957833
0.770707549396699,160.0816458124015,369.0048352850711,7.0,2.3,0.20401788,0.36822605,0.5281055,0.6827769,0.831604,0.9741132,1.1098447,1.2384396,59,0.9998001297897835
0.9525946275316152,145.79771413840584,244.5436388120786,6.0,2.7,0.25506496,0.4404502,0.64095545,0.8282368,1.0077689,1.1780298,1.338105,1.4886854,59,0.999999936592131
0.6216157211898408,178.08103387301318,301.51436902079405,6.6,2.1,0.22091961,0.43974686,0.6370318,0.8250935,1.0019345,1.166446,1.3173122,1.45579,59,0.6208950454647421
0.8013942046619411,263.2662137631032,23.191285041006893,4.9,2.9,0.26546502,0.4302342,0.6179986,0.79253006,0.96025085,1.1196303,1.2694912,1.4111195,59,0.9171501506397675
0.8601101742983084,202.57931751116985,185.9760226385368,5.9,2.5,0.22369456,0.37526155,0.54695845,0.7058768,0.860893,1.010102,1.1523731,1.2879462,59,0.7014807482152593
0.7246099015191164,158.38085566665868,242.6804366074017,6.7,2.0,0.21731234,0.43017006,0.634217,0.8309722,1.0174344,1.1931822,1.3562484,1.5073833,59,0.9999999999847464
0.8734881230600451,125.93126827422203,211.4280305235015,5.5,2.1,0.22799063,0.43839788,0.6439743,0.83939624,1.0236061,1.1954098,1.3540323,1.5004218,59,1.0
0.9441841307883164,146.93422612642743,201.72158253518893,5.6,2.6,0.25207043,0.44334435,0.6468823,0.8369839,1.018475,1.1907156,1.3520417,1.5032876,59,0.9999999958567578
0.8467232707669319,154.9387664667354,246.6612940183837,6.6,2.3,0.22074294,0.4074974,0.5974207,0.77955794,0.9547014,1.1219077,1.2800691,1.4290557,59,0.9243184027843189
0.8186053753922813,189.7318856222061,70.21230118715,6.3,2.6,0.27642417,0.516588,0.76226854,0.9948678,1.2154732,1.4227955,1.6160715,1.7956517,59,0.9999999999989697
0.8395023335425671,126.08687326527586,354.94744824480546,6.6,2.4,0.23775268,0.4485011,0.6502354,0.8421221,1.0232866,1.1934216,1.3518338,1.4984014,59,0.9999999311431248
0.8411293645322626,178.1225173183146,315.3436168107861,6.6,2.6,0.22501874,0.3791902,0.5458238,0.70375276,0.8565326,1.0031662,1.1436081,1.2772424,59,0.9965643154486306
0.606763604643854,280.7746831881011,8.706260234760377,7.0,2.3,0.2504022,0.49228263,0.72662187,0.9529457,1.1671736,1.3694029,1.556973,1.7312057,59,0.9999999999622577
0.954327808107613,86.65718845134678,346.9428893389074,6.6,2.0,0.213382,0.4193957,0.6204691,0.81409955,0.9982176,1.1717865,1.3331299,1.482997,59,0.9999999888154107
0.7849107566114422,144.27367548086963,366.6756443442839,6.7,2.1,0.19189715,0.3518591,0.5076742,0.658427,0.80311704,0.94220877,1.0743885,1.199872,59,0.8952777998667129
0.9078615572691188,113.7458284834348,271.26633324292345,5.5,2.2,0.23312902,0.4409902,0.6421871,0.8323405,1.0103915,1.1761255,1.3284547,1.4690523,59,0.9764622516968202
0.7781247752181911,216.97306591113323,28.918118118424687,6.1,2.4,0.25251818,0.4694941,0.6935828,0.90597224,1.1086745,1.3002687,1.479624,1.6473491,59,0.9999999988889527
0.9905164803630004,96.88607601248243,228.0342300249872,5.6,2.2,0.24550319,0.47622323,0.7027488,0.9170201,1.1174574,1.3038785,1.4743469,1.6311982,59,0.9999999999927196
0.6496482439421878,173.91222958931493,358.56354298812005,6.5,2.0,0.19146419,0.3577106,0.51024914,0.6567905,0.7964623,0.92877007,1.0532739,1.1704104,59,0.9998885177581349
0.6785897031740611,182.4256183646764,267.26509154217746,7.0,2.3,0.23459864,0.4580915,0.6671355,0.86788964,1.0573611,1.2353508,1.4005597,1.5537829,59,0.9999999999999645
0.8252184565885168,204.40260955912152,184.4640764624072,5.9,2.4,0.21572566,0.3707862,0.5402417,0.6987076,0.85269785,1.0005121,1.1413417,1.275352,59,0.8386280685300613
0.9700176926399312,158.8976665136922,51.3755853152182,3.3,2.1,0.18611455,0.33346105,0.47627807,0.6161909,0.74853754,0.87349224,0.99066424,1.1013067,59,0.9843137037762398
0.9530120250325418,201.841911536977,195.88477612121304,6.3,3.5,0.29309058,0.44815183,0.6468475,0.8317573,1.0122793,1.1829216,1.3462088,1.5023739,59,0.9406666091335858
0.7945094297453215,263.2976878332064,64.93147888845363,6.0,3.0,0.27019525,0.44141293,0.6415701,0.82668114,1.005923,1.177258,1.3399229,1.4943419,59,0.9999745727099983
0.789409994125817,166.54243720871557,145.0543305099672,6.1,2.4,0.26509833,0.51440287,0.7570038,0.98597956,1.2004144,1.3993227,1.5821564,1.7503822,59,0.9999999903386394
0.8363391927300954,147.84757852284832,336.8494068384676,6.5,2.5,0.23696256,0.4251573,0.6124084,0.7903557,0.9599025,1.1203752,1.2713141,1.4126103,59,0.9999999688946457
0.6580203668254169,273.6784120447059,156.6674299620488,6.8,3.0,0.27804327,0.48988795,0.6989765,0.9008348,1.0924401,1.2737365,1.4445691,1.6053815,59,0.99979226657721
0.9205901771077344,152.94264917927865,270.1523159780137,6.8,2.9,0.2693007,0.46904635,0.6792426,0.88072467,1.0734849,1.2565951,1.4291987,1.592257,59,0.9999999586041257
0.7262806963594396,296.9650461176813,47.32157214764201,6.7,3.3,0.2982025,0.49732375,0.71468496,0.9220474,1.1211789,1.3099015,1.4887726,1.6586206,59,0.9999281137616844
0.8413109482492203,234.36942227600923,154.86500842058132,6.7,3.8,0.32166123,0.5145972,0.73867583,0.9504888,1.1527297,1.3444011,1.5262825,1.6991427,59,0.9722678160332419
0.9161040436507496,127.36790845513036,201.5438968707057,5.8,2.4,0.25662494,0.48553777,0.7136016,0.92852354,1.1304777,1.3191388,1.4931746,1.653703,59,0.9999999999910347
0.8748471116874943,195.9719042450149,0.1869137688878641,6.7,3.6,0.3600397,0.65497375,0.95917535,1.2446306,1.5129688,1.7637694,1.9964349,2.2121084,59,0.9998511793146796
0.9538384176151808,113.80945049409029,52.65054322859588,5.8,2.3,0.28705192,0.5786693,0.86560035,1.1352575,1.3849487,1.6136096,1.8216636,2.0107086,59,0.913000713089125
0.9426877493706378,93.15000631864088,254.9491214218377,6.9,2.2,0.25628996,0.52292585,0.7814753,1.0286727,1.2605886,1.4748766,1.6708522,1.8494644,59,1.0
0.8948313501498548,140.62673610873938,131.7466671591188,5.3,2.4,0.26398683,0.4979005,0.73046684,0.9484358,1.1521187,1.341239,1.5146825,1.6744654,59,0.7143657456763554
0.951590713835675,173.1457228925891,116.03722712416496,4.3,2.3,0.20422459,0.34861326,0.5043521,0.65395,0.7947552,0.92928267,1.0564625,1.177017,59,0.9993957734275793
0.8049305359983563,216.8247211165357,81.10094394561985,6.9,3.6,0.34373212,0.6182053,0.89561534,1.159406,1.4071972,1.6396563,1.856641,2.0583045,59,0.9157170491709032
0.788816603314651,153.50698025937604,266.8614299876498,6.7,2.6,0.2684629,0.5141063,0.74867964,0.971853,1.1813817,1.3765471,1.5568302,1.7233498,59,0.9999989196241305
0.9937425081855776,118.2092026085688,153.92798725249796,6.6,3.1,0.33282828,0.6336558,0.9334483,1.216331,1.4807363,1.7259183,1.9513636,2.1582742,59,0.9999971019603153
0.835101801915457,258.8865460830141,87.37883792415731,6.5,3.9,0.32878566,0.51660323,0.7458689,0.9594934,1.1647251,1.3588641,1.5432794,1.7183869,59,0.9684405760310337
0.8698634321835659,219.3269915973929,78.51939238267703,4.3,2.5,0.22214437,0.36458635,0.52445626,0.6754391,0.81733537,0.95329285,1.081671,1.2033658,59,0.8133902292243985
0.9557752473338454,100.63701083190992,369.31386695475,5.6,2.0,0.19059038,0.3465085,0.50114465,0.6486068,0.78910756,0.9225068,1.0481365,1.1656575,59,0.9999986720778746
0.966314741587854,92.20366967511136,92.94145636597985,6.1,2.0,0.27147985,0.56910515,0.8599684,1.1357741,1.3902125,1.622515,1.8314943,2.0203204,59,0.999997663255426
0.7303668907138312,246.30840368867104,94.35860667646244,4.8,2.2,0.20466208,0.3526349,0.5072222,0.6546743,0.7943616,0.92745686,1.05321,1.1719925,59,0.9985426686383698
0.981224861324498,174.1413439677938,116.43948250208726,5.6,2.8,0.25895858,0.43357205,0.6354444,0.8220582,1.0022602,1.1750584,1.3381195,1.4925804,59,0.9999994883588735
0.8454949027976699,135.26273005006834,318.4171497705086,6.3,2.6,0.25878334,0.47945,0.69288707,0.8947115,1.0842953,1.2620168,1.4263523,1.5786445,59,0.6745495712096132
0.8839304787349149,197.9653296829944,203.55129848119049,6.0,3.0,0.26403856,0.42806673,0.6188998,0.7957072,0.9665692,1.129314,1.2838411,1.4306531,59,0.9983277901083015
0.9031601032034472,221.6428553317528,54.38519360195655,6.5,3.3,0.30105543,0.494632,0.72285914,0.93584514,1.1424663,1.3382347,1.5242507,1.7011445,59,0.9999995643611638
0.9109004007575596,124.08196769075003,140.70106488755582,5.9,2.3,0.26274157,0.51663995,0.7670512,1.0040126,1.2256277,1.4310155,1.6197798,1.7927845,59,1.0
0.9257999300493291,196.78887114169973,88.01477946408637,6.4,3.5,0.32079887,0.53483415,0.7800162,1.009258,1.229141,1.4367163,1.6326005,1.817621,59,0.9999991995103528
0.7478496348717991,261.2160284333714,82.94563699468647,5.6,2.4,0.21806312,0.37326717,0.5422249,0.7006588,0.85420084,1.0015352,1.1416981,1.275151,59,0.9958885531201062
0.7449607835620915,291.25971764951083,101.9919294960944,6.0,2.8,0.2402296,0.38416767,0.5554068,0.712482,0.86565447,1.0135598,1.1542294,1.2888904,59,0.9914803013749603
0.9180973847091594,178.66876881851195,139.05318831295693,4.9,2.4,0.22081208,0.37819338,0.548198,0.7099738,0.8640592,1.0107801,1.1494541,1.280757,59,0.9999912559291626
0.9864430169474508,120.71234081303926,184.8291781323418,5.9,2.6,0.273391,0.50712633,0.74760604,0.97325563,1.187062,1.3869975,1.5725853,1.7448456,59,0.9999999999999716
0.714382899061818,210.2964987427024,167.4762373488031,5.7,2.4,0.242208,0.44254708,0.639873,0.8249819,1.0000582,1.1641808,1.317183,1.4590573,59,0.6871875123845848
0.8559574521056592,262.3049262605652,55.76648001840745,6.9,4.6,0.35613203,0.5624056,0.8243294,1.0619268,1.2880688,1.5019779,1.7059617,1.8996482,59,0.8171445799830693
0.8474283008332415,125.81246222423226,235.63763061082312,5.9,2.2,0.24418163,0.47804117,0.70250916,0.91440535,1.1123784,1.2963936,1.4644003,1.6185708,59,0.99975165911896
0.9130675341705656,134.33281081784543,142.90704196204942,6.1,2.4,0.26437783,0.5079012,0.7525649,0.98461413,1.2028766,1.4072523,1.595792,1.7700269,59,0.9999999999999982
0.7830553744614783,295.1545733352926,20.508192692347382,6.1,3.3,0.29146004,0.46181154,0.6677654,0.85944057,1.0448692,1.2208679,1.3882644,1.547869,59,0.9968543901096141
0.8749525191768555,194.27674761573363,105.38023458693895,4.2,2.4,0.21908164,0.3698206,0.53282857,0.68639874,0.8306129,0.9677267,1.0960884,1.2176051,59,0.8212372179977672
0.9090107261134284,144.12794373628333,272.14047332285315,6.4,2.8,0.26707435,0.47376823,0.6869662,0.88875484,1.0798743,1.2603574,1.4292421,1.5875874,59,0.9999999974204066
0.8801941502795005,252.4338579549971,121.39213210926184,6.8,4.0,0.32197475,0.4881873,0.7085962,0.911386,1.1090775,1.2966971,1.4768786,1.6487627,59,0.9565944746615509
0.9496678172388956,144.49455853083285,41.82860035786891,6.8,2.7,0.30330825,0.577914,0.8600812,1.1283317,1.3818161,1.6191657,1.8394988,2.0433266,59,0.99999999999973
0.845709138826042,161.07947835670274,305.42702638441364,5.9,2.3,0.2026422,0.35228992,0.5081153,0.65497017,0.79615974,0.9316764,1.0605271,1.1825831,59,0.9996311325895211
0.9356840943227244,97.88156352517908,271.11842887803334,6.9,2.3,0.2559433,0.51445436,0.7650304,1.0046031,1.2299297,1.4386466,1.6309731,1.8070953,59,1.0
0.8565135980297398,196.4101971593728,171.87857774646926,5.6,2.8,0.25779748,0.4330387,0.6256931,0.8039224,0.9754391,1.1382539,1.2916288,1.4363313,59,0.9999755609365385
0.7496856160290266,232.7109346241709,32.90845892172874,5.9,2.4,0.24768758,0.4550147,0.66904616,0.87153816,1.0642064,1.2472901,1.4184961,1.5788186,59,0.999999999895298
0.9373837058002716,144.23739970671463,6.7269184762389855,6.7,2.6,0.30335546,0.58904123,0.8806336,1.1578438,1.419029,1.6630228,1.8882105,2.0956566,59,0.999999999999968
0.7083988142244891,269.97430259544205,82.47991638360661,6.6,3.1,0.29528022,0.5171139,0.7446482,0.96257544,1.1694975,1.3655386,1.5497222,1.723084,59,0.9999999199299939
0.9614772423579996,132.0526321283829,388.39799569072176,6.9,3.1,0.2718897,0.45721817,0.65057874,0.83785295,1.016356,1.1859846,1.3464842,1.4984055,59,0.9985854849342766
0.8829394049772417,171.05091255440126,128.05812660328044,5.6,2.7,0.27375078,0.48736143,0.71088123,0.9190874,1.1167018,1.3026035,1.4755113,1.6368353,59,0.9999958253073543
0.9662592461921222,213.4655298938542,35.03437581813644,5.3,3.4,0.3035388,0.47382355,0.69017076,0.8856063,1.07513,1.2553225,1.4253836,1.5868587,59,0.9800908450521078
0.8618233666899904,228.97627466257856,37.71526186952774,4.2,2.2,0.19284225,0.32662916,0.47076344,0.6113715,0.7443321,0.8717792,0.99315715,1.1083195,59,0.9964645990428733
0.9026790720554942,186.32868245205697,28.16397704645217,5.5,2.4,0.24293065,0.43707156,0.6445887,0.8414531,1.0296745,1.2087834,1.3775284,1.5358925,59,0.9999929344289241
0.7542148613591896,185.96683596314296,226.39838712090744,5.8,2.4,0.23638034,0.42859626,0.61903834,0.7976532,0.96726346,1.1265452,1.2753255,1.414058,59,0.9428310088208959
0.8123422287864064,188.5926980324405,150.82087312902934,4.2,2.1,0.19490027,0.33528996,0.48214817,0.6214559,0.75273013,0.8771746,0.99368525,1.1040101,59,0.9979009572235041
0.8873430525732637,184.02276880473096,5.413851612876508,5.4,2.5,0.26840687,0.48813152,0.71978045,0.9372103,1.1434257,1.3376431,1.5184393,1.6871676,59,0.9999999999935092
0.8050215308603281,269.2231013796459,148.11834182312245,6.2,3.0,0.24964905,0.38541746,0.5561099,0.71401477,0.8681483,1.0164533,1.1585093,1.2951899,59,0.7805811512972807
0.8483478293707949,146.60742938784898,156.50942824927827,6.5,2.3,0.25060272,0.48853517,0.7244792,0.95019317,1.1639502,1.3645952,1.550005,1.7223554,59,0.9999999999992024
0.9248769199146292,186.42866174161009,51.86690136621293,3.7,2.2,0.19713426,0.34201884,0.4892738,0.63438296,0.7703099,0.8992715,1.0207756,1.1357212,59,0.9839547071290081
0.7591760758453937,238.2940147014078,107.32053197169948,6.1,2.8,0.2666118,0.46267772,0.6713548,0.86702704,1.0539675,1.2311616,1.3979201,1.5548968,59,0.9999999016804053
0.754555204160932,209.51739937289523,134.20004149035293,6.1,2.2,0.21715641,0.39839864,0.58378553,0.76088,0.931376,1.0937054,1.2476397,1.3922102,59,0.9950321642176935
0.99171272072116,98.37870679463644,353.88538862460325,6.5,2.5,0.25024104,0.464607,0.6777413,0.88048124,1.0713782,1.2515748,1.4188392,1.5745354,59,0.999999999999698
0.7506518241206857,236.5992598354195,184.0015871255647,6.6,2.6,0.23339248,0.40024972,0.57984567,0.75046754,0.91548324,1.0743744,1.2255573,1.3698707,59,0.8556859372228771
0.955685471367471,177.0976492608585,46.51192430150286,4.8,2.8,0.27142334,0.46247602,0.6723645,0.86935353,1.0554595,1.2311854,1.3957448,1.5499563,59,0.9999955174580459
0.7404435790485042,230.6977543976529,27.539842467724807,6.2,2.6,0.27616286,0.5144241,0.75606465,0.9841969,1.2005203,1.403532,1.5921543,1.7680752,59,0.9999999999994955
0.9785882861723532,152.83466683171852,12.23284099518911,6.8,3.0,0.3203318,0.5914998,0.8782904,1.149744,1.4078383,1.6504507,1.8762918,2.0866413,59,0.9999999999894449
0.8188812434298465,263.9840056321312,50.207751980121216,5.4,3.1,0.2771201,0.4390216,0.63452077,0.8122952,0.9856076,1.1509743,1.3075318,1.4563308,59,0.9010555885982575
0.6882936532320384,250.81951004549487,0.1783686272218698,6.2,2.4,0.26145816,0.49760795,0.7329035,0.95588493,1.1670117,1.3648798,1.5480845,1.7186859,59,0.9999999999999396
0.9021655449332916,172.33089444521477,23.57906806066584,6.6,2.7,0.2924378,0.5437288,0.8063991,1.0556085,1.2925541,1.5154531,1.7238133,1.9177425,59,0.9999999999641229
0.8100859796364783,212.2833539157254,98.6108157709919,6.6,3.0,0.2927878,0.5217624,0.76071024,0.9881809,1.2047963,1.4092355,1.6013541,1.7818389,59,0.9999999986608614
0.6790814555183653,225.5434623612614,176.29021783032965,6.6,2.4,0.23877573,0.4454329,0.6477015,0.8407707,1.0246401,1.1989021,1.3620944,1.5144625,59,0.999999999826116
0.9099798826578108,219.3881114680968,14.54450046349054,6.0,3.7,0.33849072,0.5533254,0.8070886,1.0403316,1.2633517,1.4733198,1.6711681,1.8575623,59,0.999520645513338
0.9990145480821676,102.27676846452754,52.70962239972459,6.3,2.3,0.29050326,0.5910704,0.88934636,1.1718261,1.4345794,1.6766133,1.8967612,2.0973518,59,1.0
0.996121283122018,102.61913638861355,189.43199404794052,6.5,2.3,0.25514174,0.50044775,0.74662066,0.9822066,1.2046785,1.4139149,1.6069424,1.7857859,59,0.9999999999453593
0.8621841793691953,211.77439201699173,15.54737805375126,5.4,2.9,0.28974938,0.49982524,0.73002625,0.9431946,1.1459551,1.3375449,1.5164251,1.6838789,59,0.9999998238413332
0.857750297629823,236.94073150157703,84.90930393816627,5.2,3.1,0.27616882,0.43658328,0.6286011,0.80351067,0.973794,1.1358528,1.2889638,1.4341803,59,0.7363300488989794
0.9683182582683248,112.92297943640452,209.4355837157109,5.7,2.3,0.2436409,0.46189785,0.68050504,0.8879032,1.0828645,1.2658379,1.4348075,1.5915735,59,0.9999999999999964
0.7350372610627232,207.31700080007084,38.54224817061813,6.4,2.4,0.27203703,0.53241086,0.78790903,1.0307155,1.2584217,1.4704719,1.6652706,1.845372,59,1.0
0.9922216652607244,114.9117171803374,168.80114026390834,6.0,2.3,0.2452867,0.4671657,0.6935861,0.9093497,1.114157,1.307008,1.4864225,1.6533163,59,0.9999999998081428
0.9235836496851192,215.34408267614648,3.7042233243731015,5.7,3.0,0.28274155,0.468585,0.6895752,0.8926797,1.0886359,1.2762814,1.4531369,1.6206727,59,0.9999998226632714
0.9210476741034136,176.02706423762035,248.61322792582524,5.8,3.0,0.26255202,0.42308784,0.6093924,0.780864,0.9465766,1.1042438,1.2533965,1.3951449,59,0.9612294128682173
0.8689503497779998,243.5754069194116,7.056087326128191,6.4,4.1,0.3539052,0.5766773,0.84154224,1.0850601,1.3171802,1.5362692,1.7427573,1.937849,59,0.9992696684122708
0.916425374207626,162.40947518366744,172.97559837137428,4.5,2.3,0.21024108,0.36118054,0.5215254,0.6732178,0.81609154,0.95170116,1.0795147,1.1994388,59,0.9999709452819591
0.8464989604608781,172.05295080092313,4.930359762173131,6.5,2.6,0.30167794,0.58782196,0.87475896,1.1466491,1.4015613,1.6386821,1.8567274,2.0573218,59,1.0
0.8408972378175852,275.4725464837948,97.31400659869988,6.7,3.8,0.3113563,0.47129655,0.67982984,0.87362313,1.0626695,1.2418888,1.4138725,1.5781,59,0.7809419846509845
0.9597335230479376,202.00320150610025,107.97922688700116,5.0,3.0,0.26075888,0.41118407,0.59329295,0.76139045,0.92445636,1.0808611,1.2286024,1.3687482,59,0.9370820042114647
0.7167468797886043,239.3725358195228,99.12488812249714,5.3,2.4,0.23579931,0.41775155,0.6036308,0.7782247,0.9440212,1.100519,1.2472439,1.3844118,59,0.9999058018670998
0.6144312342103955,298.9812293683965,76.58955867184045,6.8,2.9,0.28755116,0.5286293,0.7602,0.9823687,1.191711,1.3884368,1.5717974,1.7428665,59,0.9533439608395351
0.5745012316299909,290.20602329621465,110.3882942767728,6.6,2.3,0.22796321,0.42848063,0.6212666,0.8056779,0.98179674,1.1483443,1.3050146,1.4516501,59,0.9999999982060501
0.8053034409840616,258.61421761126775,104.36121849040433,6.6,3.4,0.2995839,0.48481536,0.69715357,0.8984914,1.0931959,1.2772737,1.452868,1.6197925,59,0.9992657443395144
0.7868624198011502,184.9056579313754,349.6750340801564,6.8,2.8,0.24296045,0.41115642,0.5822363,0.74781847,0.9053314,1.0552642,1.1980927,1.3332582,59,0.6756749420400625
0.6552865979254727,253.30711020432727,226.23384938303715,6.7,2.5,0.22884011,0.40125537,0.57384586,0.7392788,0.89771533,1.0488267,1.1927216,1.3291454,59,0.9992750995407422
0.7635988818614707,224.4442900101363,140.9816975134591,6.7,3.2,0.30741596,0.54514384,0.7837577,1.0122538,1.2279105,1.4306912,1.6205192,1.7982645,59,0.8463131625547448
0.7177695420105832,221.81155320660457,90.74965984482218,7.0,2.4,0.25159287,0.48093486,0.70900536,0.9288628,1.138792,1.3374257,1.5229619,1.6966531,59,0.9999993712968043
0.9420494830825596,202.3810149730512,141.43934599203754,6.7,3.6,0.31193042,0.49758315,0.72188354,0.93182015,1.1349471,1.327821,1.5115783,1.6864669,59,0.9999302001798134
0.826954249901036,161.43918686270658,52.57947188474535,6.7,2.4,0.28332615,0.5662482,0.84513164,1.1106012,1.35956,1.590106,1.8017933,1.9960077,59,1.0
0.8065435064831874,187.60993948974712,211.91788773398432,6.8,2.5,0.24027538,0.43242788,0.630636,0.820987,1.0035348,1.177897,1.3430831,1.4988742,59,0.9998028111218872
0.8728107350471455,186.61907279801852,196.6589948213557,6.3,2.8,0.25691414,0.43789315,0.636626,0.8238983,1.0036199,1.1748374,1.3369985,1.4905415,59,0.9999997231980827
0.7588859859862345,268.8698146136441,109.67895569315348,6.0,3.0,0.266176,0.4322989,0.62334895,0.8005235,0.9717798,1.1349893,1.2900348,1.4373331,59,0.9941608892854793
0.8600596930931734,245.2180871049433,80.90338465368828,6.6,4.0,0.33618402,0.53547335,0.7773938,1.0023055,1.2182369,1.4226918,1.6170878,1.8012047,59,0.9981707306042513
0.872987465159982,207.2335711472276,47.1373045084158,6.4,3.3,0.31920695,0.5525563,0.8068507,1.0457966,1.2725475,1.4864843,1.687022,1.8754346,59,0.9999999953895582
0.8965871776645133,132.0235838014212,202.86460671324025,6.4,2.7,0.29183912,0.55781054,0.8181455,1.0642238,1.2934749,1.506058,1.7012212,1.8806856,59,0.8939252144207307
0.9711814811215602,176.47218761248018,16.80916558541807,6.9,3.6,0.34826112,0.6100447,0.8981917,1.1671135,1.4241393,1.6661317,1.8933284,2.1060717,59,0.9999999961215753
0.7497908501963406,240.89405212379825,182.464905277222,6.6,2.8,0.2509513,0.42595935,0.6129799,0.79169893,0.96313024,1.1269531,1.2826982,1.4306941,59,0.9999855441470353
0.7954501452999612,181.89872759686472,276.0443415495482,6.1,2.4,0.21837664,0.38147092,0.5503912,0.7092669,0.86219454,1.0082603,1.1463158,1.2771475,59,0.9999563326975638
0.7594870605036406,214.51606418695263,20.852397150842748,6.9,2.7,0.29794884,0.5724716,0.84422135,1.1037846,1.3477428,1.5759962,1.7871053,1.9818265,59,1.0
0.9798836634922818,154.6032159506131,303.60343158329914,6.7,3.0,0.25714993,0.4188378,0.6045754,0.7813525,0.95249104,1.1158514,1.2718863,1.4209118,59,0.9990352794575241
0.9140559828360696,186.14772931338103,13.926569702446034,5.4,2.7,0.2778728,0.4897797,0.7197449,0.93419766,1.1381979,1.3309081,1.5110409,1.6796348,59,0.9999999997405382
0.9967709789350394,134.03854931740398,170.9116470465212,5.5,2.6,0.25909567,0.46088004,0.6753123,0.87645125,1.0680676,1.2487698,1.4178216,1.5757573,59,0.9999999998692317
0.8357019143553159,279.54743197557355,26.33829255094216,5.6,3.0,0.25945973,0.40543818,0.59040093,0.7579787,0.92238355,1.0811682,1.2324004,1.3771348,59,0.9815126803775336
0.9029311740547844,164.06090677372356,202.1682833090228,4.5,2.2,0.19852519,0.33757186,0.48547697,0.6259563,0.7584381,0.88427496,1.0028946,1.1151984,59,0.9856931411816912
0.8045685567199019,263.99389811523747,40.55104070280198,5.5,3.1,0.28246045,0.4549129,0.6578367,0.84356165,1.0233641,1.1945333,1.3563881,1.5096049,59,0.9957232791323367
0.8967159902537938,224.31116278945527,70.15622629077237,7.0,4.0,0.34261942,0.562263,0.82254076,1.0639291,1.2961068,1.5162425,1.7249904,1.9228697,59,0.9999873481241687
0.8750226166325017,272.5529368230887,8.365015485268712,6.4,4.1,0.33742857,0.5143137,0.7517595,0.966794,1.1756563,1.3729668,1.5615745,1.7410135,59,0.8511585451007357
0.9697697400835864,134.39221737760346,13.472820257602123,5.2,2.1,0.23983812,0.46022582,0.68541527,0.90163946,1.1060994,1.2987604,1.4774518,1.6437316,59,0.9999999862478504
0.9978449306457492,196.70598738887668,70.21119276607362,5.9,3.4,0.30469036,0.48049998,0.70459986,0.90903807,1.1076059,1.295651,1.4741888,1.644206,59,0.9999158516506795
0.9276437935922884,172.78437272035825,70.5518698584687,6.4,3.2,0.3223524,0.57186556,0.8378973,1.0877252,1.3244662,1.5464454,1.7539868,1.9473562,59,0.9999999999814229
0.9130254210665818,195.023357458939,4.366865501267636,6.7,3.1,0.31223607,0.551656,0.81360793,1.0607257,1.2976694,1.5217648,1.7328372,1.9307756,59,0.9999999957348145
0.9753483823842914,189.48919966075,166.02223108284915,6.6,4.3,0.34577084,0.54450893,0.79441214,1.0234199,1.2421236,1.448338,1.6445384,1.8304,59,0.9782501796429864
0.9295061516677616,221.01994753193344,5.450167730276023,6.9,3.9,0.34640956,0.56993794,0.83900094,1.086117,1.3248589,1.5502174,1.7642071,1.9662206,59,0.9999975807183991
0.9204656819502894,152.37829502801512,83.5776675924806,6.9,3.1,0.3309276,0.6255727,0.9221549,1.203558,1.4684968,1.7157297,1.9440522,2.1551218,59,1.0
0.9270327015855632,144.3806775625222,156.10626866016722,6.1,3.1,0.31991863,0.58562136,0.85493135,1.1073332,1.3438716,1.5636988,1.7671885,1.9547434,59,0.6152880979077995
0.9770667323387984,167.03526373069678,148.34583866061482,6.2,3.6,0.32773018,0.54482865,0.79119277,1.0205076,1.2389929,1.4442799,1.6375272,1.8194754,59,0.9929211469835649
0.8084552763713835,218.2834670544585,146.0409235211105,6.1,2.5,0.23254132,0.40028763,0.5844066,0.7569256,0.9237938,1.0839639,1.2361233,1.3806193,59,0.9959934254087017
0.8936820396492302,156.8023064620431,132.91067453517087,6.7,2.9,0.30344033,0.5659454,0.8311603,1.0834537,1.3212042,1.5434504,1.7501516,1.9410925,59,0.9999999999999929
0.8328049067745851,255.35969031602949,93.3809770158934,6.5,3.6,0.3111577,0.49340892,0.7108433,0.9149463,1.1118791,1.2983162,1.4758179,1.6447303,59,0.990272161543693
0.8669228237642645,233.95058817244484,166.98503960861038,6.7,3.6,0.30296803,0.47238612,0.6779506,0.87132573,1.0589926,1.2372506,1.4075391,1.5699055,59,0.8923389240451464
0.7218429871798816,252.18108398044632,178.4362883237124,6.1,2.8,0.25149584,0.4210136,0.60321045,0.77397037,0.937443,1.0933878,1.2407179,1.3801289,59,0.9971270660538714
0.7691641962845145,128.7341951828808,242.2734142855502,6.6,2.1,0.24598265,0.5088711,0.7569592,0.9932492,1.2126396,1.4144802,1.5974844,1.7636619,59,0.9999933665352994
0.7070855677418744,230.84416735758444,12.488892511885297,6.8,2.6,0.2910471,0.5690861,0.84093237,1.1005576,1.3442659,1.571235,1.7811878,1.9735987,59,1.0
0.626961527602984,252.54488000578613,185.0339979769084,5.8,2.2,0.20934534,0.37453556,0.53678966,0.6902635,0.8365123,0.9758756,1.1068227,1.2301204,59,0.9999615900935971
0.5243382826610352,299.1719045374271,89.39341431152035,6.6,2.1,0.22094679,0.43186927,0.62946343,0.8201196,1.001276,1.1721873,1.3308537,1.4789913,59,0.9999999999930562
0.9159275475941112,223.21277001843987,49.67399422096981,4.5,2.5,0.2186358,0.3578694,0.5159402,0.6683941,0.8116803,0.9496155,1.0813289,1.2065461,59,0.9923672344218091
0.9646929840744872,210.2181102187249,7.301983936368073,5.5,3.6,0.3251481,0.51611066,0.75354314,0.9685185,1.175605,1.3710849,1.5552871,1.729964,59,0.9977888683128938
0.8663575263002501,179.49338754298734,249.8597509040839,6.8,2.7,0.24494386,0.42058468,0.60950017,0.7902744,0.96472454,1.1314666,1.2902863,1.4409902,59,0.9986837563818286
0.7500624072494988,213.8011894961114,37.48182308224135,6.7,2.7,0.29743505,0.57103753,0.8402488,1.0963173,1.3364809,1.5604551,1.7667725,1.9574654,59,0.9999999999999893
0.948308167547698,168.99689142411358,172.74770995049855,6.5,3.3,0.30505133,0.51682806,0.7509453,0.97180486,1.1827295,1.3819954,1.5696871,1.7471268,59,0.9999996939331985
0.774062456897312,235.05974026377643,127.3468077225762,6.5,2.7,0.25336146,0.43820453,0.63710785,0.8257942,1.0072014,1.1803994,1.3443997,1.4998524,59,0.9999994493826639
0.6868071705545875,216.31694336871035,48.623371940368585,6.0,2.2,0.25368857,0.50017905,0.7381408,0.9636977,1.1748009,1.370049,1.5498629,1.7150838,59,0.9999999999977573
0.8687466884333903,176.6222942514765,175.1064799965009,6.6,3.1,0.30031395,0.53339386,0.77435017,1.004149,1.2221222,1.4276009,1.6201625,1.8006563,59,0.9999999992952588
0.7531534058941858,271.0656049484624,42.64389840325258,6.8,2.9,0.2732725,0.4710858,0.6852493,0.8901651,1.0874512,1.2756553,1.4543476,1.6238708,59,0.9999153098350442
0.9026216678882542,173.2274654671864,177.59982686444425,6.8,3.3,0.31030273,0.54227877,0.78632045,1.0188243,1.2399881,1.4484494,1.6448047,1.8289969,59,0.9999999867992528
0.9366390198933632,172.15703574425754,273.45519750237537,6.7,3.5,0.2997601,0.4846952,0.6934469,0.89277434,1.0840728,1.2653759,1.437607,1.6009715,59,0.9926630188193502
0.9175120173650028,117.51500555741386,311.02859529683894,6.7,2.4,0.2402811,0.45230985,0.66256404,0.86404586,1.0549748,1.2358804,1.4041905,1.5613194,59,0.9999999999912141
0.7393356286536767,138.95427608102628,270.6104917686419,6.8,2.1,0.23442578,0.47756195,0.7060795,0.92554855,1.1312256,1.3216763,1.4965,1.6565161,59,1.0
0.8820556186626143,142.25695019901178,206.36540115866984,5.4,2.1,0.21013308,0.38810372,0.5684931,0.74059033,0.90498114,1.0607777,1.2067096,1.3434856,59,0.9999999972003177
0.6484118963068878,276.06954692128954,187.86441566397616,6.0,2.5,0.22590208,0.38210654,0.54528666,0.6971376,0.84374976,0.9838855,1.1163659,1.2421217,59,0.655599802582206
0.7376933335789535,269.394756879154,40.63533522625402,5.7,2.6,0.24629545,0.42299342,0.61592054,0.7953019,0.9684303,1.1338549,1.2903159,1.4382703,59,0.9999994646604348
0.6940654966414583,195.25820335962976,313.6076663232856,6.9,2.4,0.22260904,0.40583873,0.5812936,0.750154,0.91100216,1.0645955,1.2093127,1.3457062,59,0.999993487208322
0.7483982275331498,224.1685617733546,67.76528799745863,6.7,2.7,0.28159142,0.52381206,0.7673948,0.9998858,1.2195771,1.426625,1.6195095,1.7990673,59,0.9999999999983977
0.7415973418855855,147.86628800783475,285.7405032463318,6.8,2.1,0.22005868,0.43364477,0.6365111,0.8323245,1.0184371,1.1936686,1.3560581,1.5072422,59,0.9999999999971312
0.8641986632993759,154.0333967226934,148.58788042971526,6.3,2.7,0.29076743,0.5494852,0.8066616,1.0495801,1.2770107,1.4887011,1.6840222,1.8641498,59,0.9999999920185196
0.5893042905012924,259.4317761481955,148.4907514812356,6.6,2.1,0.21014476,0.3998716,0.58175516,0.75779843,0.92662644,1.0872648,1.2386591,1.3806012,59,0.9999957168393167
0.9318788557706228,228.699751128596,14.956823008464148,4.3,2.7,0.23354244,0.37525392,0.5397804,0.6986003,0.8461132,0.9885931,1.123929,1.2526894,59,0.6226215482389047
0.6185992620646823,257.62811763399134,208.27042418971183,6.7,2.3,0.210994,0.38183522,0.54881144,0.7092569,0.86302686,1.0104096,1.1499696,1.2825594,59,0.9999901823981525
0.7495016092095563,209.927456577165,70.6347874710192,4.9,2.0,0.20833588,0.3824358,0.5584233,0.72689986,0.8861847,1.0368779,1.1786199,1.3109486,59,0.9999999963754043
0.8017744509913438,281.42890531422523,79.032253897179,6.4,3.2,0.2781062,0.4357841,0.6284721,0.8092694,0.985013,1.1521921,1.3121138,1.4651451,59,0.9985126760997376
0.9877465316961712,121.06301030445704,140.63309702161413,5.9,2.4,0.2604816,0.49291515,0.7314842,0.9573767,1.1709268,1.3717096,1.5573335,1.7301395,59,0.9999999999997531
0.8858595341818467,170.5306162266457,21.384724136451936,6.8,3.1,0.33773565,0.64114046,0.9463148,1.2352238,1.5067549,1.759594,1.9926906,2.2076063,59,0.9999999999999947
0.778912665193968,260.5931526934281,50.14061677961057,4.6,2.4,0.21342564,0.35547066,0.51100945,0.6593275,0.79948616,0.9340527,1.06126,1.1825292,59,0.9164765656423762
0.9629034434613452,242.13721648793555,3.92186086779236,6.7,4.3,0.3464427,0.5261121,0.7814355,1.0066819,1.2278342,1.4360819,1.6361179,1.8261309,59,0.9892732378499856
0.6615570891429798,276.7044721910081,97.02488940178546,6.6,2.6,0.25030613,0.44939184,0.65190864,0.8456929,1.0306759,1.2073901,1.373991,1.5311983,59,0.9999999874214964
0.8475459207292193,184.38507141905583,102.60381825826852,6.8,3.1,0.31577516,0.58146477,0.8501811,1.1063404,1.3483934,1.5759339,1.7875957,1.984437,59,0.9999999999992006
0.9292211946174348,167.74751102189046,311.42089289897547,6.4,2.7,0.22963381,0.371763,0.5365553,0.69070053,0.84000134,0.98369145,1.1209049,1.2522442,59,0.990586428430933
0.710052198210575,254.4747005002745,83.67957997902029,7.0,2.8,0.2741003,0.49806595,0.7245593,0.94247985,1.1501083,1.3469429,1.5319958,1.7063808,59,0.9999999988965449
0.9210113973667232,128.4118128030116,391.0040158122666,7.0,3.0,0.27022004,0.4742036,0.6767435,0.87297606,1.0589342,1.23494,1.4006023,1.5562849,59,0.999965557215395
0.8194153746549035,238.87778906433977,40.91487889504002,4.1,2.4,0.21286273,0.354815,0.50992274,0.65723515,0.79539657,0.92731524,1.0520544,1.1700954,59,0.8401796804418896
0.8498057617050618,193.27493243853587,15.024495984593678,5.5,2.4,0.2540393,0.4666474,0.6882019,0.8973255,1.0961361,1.2836721,1.4585354,1.6220138,59,0.9999999999818705
0.9060662033272326,154.29095811868106,22.851718361059923,6.5,2.8,0.31798077,0.61190367,0.90788794,1.1869457,1.4479208,1.6903334,1.913434,2.1181936,59,0.9999999999999982
0.9602393022490424,167.13878461267936,3.5311326189889414,6.5,4.0,0.38413048,0.69480944,1.0233097,1.3270307,1.6116781,1.8767242,2.1214175,2.3478117,59,0.7178189654438091
0.9410851638490854,170.5162396602608,250.2729816645485,6.6,3.6,0.31240344,0.50998855,0.7311609,0.9410207,1.1413906,1.3306787,1.5098393,1.6793945,59,0.9979735307017622
0.6975750956833253,223.6906281496921,139.87417263427116,6.0,2.2,0.2207892,0.40804195,0.5944917,0.7719276,0.94154286,1.1022074,1.2533932,1.3952229,59,0.9999999972101676
0.7491650075672552,180.49044710144813,30.179234244856488,6.8,2.1,0.2554028,0.5216391,0.78371143,1.0365953,1.2755108,1.4975502,1.7021255,1.8895895,59,0.9999999986541157
0.826399777345991,242.10687599005743,105.5387953953224,6.7,3.0,0.26762962,0.44328094,0.644588,0.8356314,1.0209494,1.1983099,1.3675103,1.5288358,59,0.8096520540431856
0.7011833467771,263.34297263448354,91.70020672645136,5.8,2.6,0.24876356,0.4333353,0.62724876,0.80843616,0.9820056,1.147202,1.3026559,1.4488409,59,0.9999994969192394
0.9088285394763808,238.52860124058327,5.424842284417641,6.9,5.0,0.37804937,0.61864567,0.9190488,1.1867328,1.4407821,1.6808519,1.9092021,2.1247387,59,0.9558782800361444
0.8378214343132424,222.719955190084,61.476396834294576,5.0,2.6,0.24459624,0.41459703,0.60042953,0.7753897,0.94220114,1.101084,1.2506847,1.3920221,59,0.999992946518997
0.8480863194257606,155.62446411317387,198.16607883325287,6.2,2.2,0.22280669,0.41594934,0.6118543,0.7991779,0.9783387,1.1487961,1.308779,1.4584932,59,0.9999955268257372
0.8747132274631944,192.65844176852065,231.04664614377032,6.6,3.2,0.28535557,0.47124243,0.67527604,0.8705125,1.0571985,1.2346025,1.4028149,1.5622888,59,0.9995208327175334
0.7499809393520835,188.16365395110765,133.70800987735598,5.4,2.0,0.21148896,0.39739537,0.58164,0.758044,0.92517495,1.0833378,1.2306862,1.3683264,59,0.9999999999078177
0.8228429760985465,211.118230865404,135.32209430561545,5.9,2.5,0.23616314,0.408381,0.59657335,0.77261496,0.94242287,1.1051106,1.2591519,1.4049785,59,0.9999900565971185
0.9201728381497258,180.74838040255503,33.49716361618,4.5,2.4,0.2371285,0.4162972,0.6068964,0.7877145,0.95785403,1.1190062,1.2699628,1.4113235,59,0.999999993446945
0.8171863418243897,264.51126243574345,93.8370936811454,5.8,2.8,0.2403183,0.38273573,0.55651045,0.71471095,0.8695502,1.0197146,1.1624234,1.2991409,59,0.8813073509864771
0.7263580029344734,288.250436584242,107.39107041929854,6.7,3.5,0.3053348,0.5006857,0.71355414,0.9177897,1.113478,1.2989252,1.4750903,1.6421406,59,0.9826182526978615
0.9353036258102748,204.1609052018606,184.42618710117893,6.4,3.2,0.27611828,0.4320848,0.624773,0.8053889,0.98083115,1.1477194,1.3072233,1.4598627,59,0.9996257281598818
0.9148396286196144,115.54861991141294,164.5351952234481,5.7,2.1,0.24154186,0.47709846,0.708709,0.9288206,1.1359382,1.3284252,1.5050142,1.667496,59,1.0
0.8109647269984173,242.60112891833904,58.57238068721116,5.9,3.0,0.28004956,0.4694624,0.68342566,0.8826213,1.0735373,1.255436,1.4269772,1.5890565,59,0.9999985845528662
0.9596844283884736,183.76628587697425,116.75338081629688,6.9,3.7,0.3327701,0.5555742,0.8108275,1.0496795,1.2790983,1.495774,1.7013457,1.8949935,59,0.9999989501407751
0.9616796249664608,139.32916993255273,23.158255371490988,4.7,2.4,0.27025294,0.5030539,0.7404585,0.962775,1.1696007,1.361506,1.5383832,1.7016523,59,0.9974312920922749
0.8785114115782167,121.44471716685888,152.84889272045544,6.5,2.2,0.26339293,0.53471017,0.7991421,1.0509629,1.286236,1.5035751,1.701967,1.8833604,59,1.0
0.9032279861908404,110.67689215536733,199.12909980714173,6.4,2.2,0.2577436,0.5196371,0.77391744,1.015513,1.2419155,1.4503169,1.6413453,1.8155723,59,1.0
0.9981558257197516,183.30255157199483,10.732408115891712,6.0,3.6,0.338053,0.5601208,0.82363343,1.0643365,1.2953942,1.5124152,1.7170446,1.9094603,59,0.9999992400794496
0.8600834294762791,158.56051851977938,85.26011350734026,6.8,2.5,0.2824273,0.5492046,0.816247,1.0715013,1.3123069,1.537539,1.7460494,1.9386005,59,0.9999999999999627
0.8962660698586129,156.33707538684354,229.1815341603161,4.9,2.3,0.21033096,0.36406088,0.52428627,0.67599845,0.8198137,0.9562421,1.0849054,1.2056808,59,0.9999683322372117
0.8892882106191249,185.6722446544556,83.65220182187088,6.7,2.8,0.27783608,0.49704385,0.73235583,0.95589876,1.1700461,1.3732672,1.5649247,1.7455044,59,0.999996686295805
0.8783177371371698,170.19699975627543,114.1354157412366,6.6,2.5,0.25921202,0.47895765,0.7084434,0.9271507,1.136523,1.3353302,1.5218282,1.697186,59,0.9999157420019681
0.8569630706450468,197.2221561114396,53.14701770659602,6.4,3.3,0.3296895,0.58983564,0.8606503,1.1154096,1.355324,1.5796368,1.7890217,1.9832761,59,0.9996551804181066
0.8636333900187756,214.63321007451688,49.17787721578932,4.2,2.3,0.20608163,0.35146832,0.50777245,0.65799165,0.799361,0.9344263,1.0621879,1.1833644,59,0.9985098158325836
0.7932802208561798,252.617152355958,96.90311829128072,6.6,3.6,0.31999826,0.53022456,0.76165223,0.98133254,1.1906841,1.3887398,1.5760815,1.7535245,59,0.9997489920800101
0.9802672217468976,116.63442544860251,347.9048279166631,5.8,2.5,0.2339735,0.40689206,0.58709383,0.75533676,0.9160638,1.0678132,1.2107141,1.344331,59,0.9998014656738817
0.904345002585672,140.94419570179974,291.62756136485945,5.7,2.4,0.22440314,0.39458132,0.5705018,0.7356138,0.8934581,1.0426981,1.1835103,1.3158262,59,0.9999990029887261
0.6308659108622628,164.93170864047536,389.6977650824323,6.8,2.0,0.19454074,0.37231588,0.5308969,0.6834531,0.8283155,0.96482825,1.0928931,1.2125325,59,0.9984486282139308
0.9277016226773912,189.85526422483184,158.05573849533792,6.0,3.3,0.2967322,0.4820063,0.69794035,0.89844394,1.0909593,1.2727544,1.4445751,1.6071413,59,0.999909383324731
0.9710057778735466,182.74386616459847,142.7895370433615,4.5,2.4,0.20402193,0.33668685,0.48486018,0.6277406,0.76234555,0.89201903,1.0149925,1.1323712,59,0.957843077581187
0.9297337903380792,184.36201804239988,34.87751439392683,5.8,2.8,0.27919173,0.48773575,0.7192092,0.93466544,1.1406381,1.336349,1.5197172,1.6922464,59,0.9999999985737418
0.6014098653031473,219.7127373789,96.86418389112524,6.5,2.0,0.2433331,0.5040436,0.7488506,0.98171186,1.1977453,1.3960614,1.5765245,1.7404597,59,0.9994395273126776
0.8334620317041177,139.6474369555859,378.54050544072464,6.0,2.3,0.20586276,0.3622501,0.5170481,0.6631105,0.8025005,0.93500614,1.0594351,1.1773384,59,0.9798270480273493
0.8047279468317936,205.8161823111708,61.270384368420224,6.7,3.0,0.30809498,0.56882644,0.83304286,1.0844479,1.3223095,1.5449677,1.7527742,1.9455667,59,0.9999999999995808
0.6669947571368318,236.16252592615652,227.74051704880893,6.4,2.5,0.2365632,0.420233,0.6018634,0.77394485,0.93785954,1.0934482,1.2400036,1.3778121,59,0.9999047328517306
0.9191910485105814,218.79987414335315,30.147263262421653,6.5,4.0,0.34919262,0.57092,0.8371992,1.0818772,1.316627,1.5384126,1.7476139,1.9454842,59,0.9999788010985903
0.8089278647402687,285.3407343899892,74.56766975179634,7.0,4.1,0.3318739,0.51695347,0.74846697,0.9634619,1.1700501,1.3664489,1.5544591,1.7334151,59,0.9013981907924778
0.9865201879191654,155.36258509876325,184.361188960824,5.4,2.8,0.2585919,0.43406415,0.6306052,0.81292176,0.98820233,1.1547952,1.3114262,1.4591036,59,0.9999977946398868
0.6104311341683897,271.6347344971811,19.476673400360944,5.8,2.1,0.22852325,0.43910813,0.6439316,0.839514,1.0248399,1.199086,1.3610876,1.5116498,59,0.9999999999992859
0.9344406406187002,170.33366701415238,53.41938158731687,4.8,2.4,0.2405343,0.42729783,0.62466836,0.8127434,0.99001026,1.1578181,1.315026,1.4624746,59,0.9999999981126813
0.7676709214600249,187.4026022538165,259.1707960744224,6.0,2.2,0.20183635,0.35750318,0.5162697,0.6672833,0.8119087,0.9505806,1.0823245,1.2068942,59,0.9999795013343055
0.7377031699536941,254.2477694147396,75.57705150452291,4.4,2.0,0.1790502,0.30409813,0.43807387,0.5673797,0.6902344,0.8076396,0.9194763,1.0261626,59,0.8643532322121451
0.963183774391254,168.44166822726808,73.0623814151877,6.2,3.3,0.32292604,0.5597396,0.8210223,1.0644014,1.2955506,1.5125396,1.7161772,1.9062693,59,0.9999999995449862
0.876670922249563,227.6418178355113,167.30517923688936,7.0,3.5,0.2963357,0.4708805,0.6784322,0.8744261,1.0662496,1.2491186,1.4242351,1.5915291,59,0.9986475565985359
0.970157064496684,116.06840844291668,34.774994255180005,6.0,2.0,0.24873519,0.4977033,0.749202,0.99152875,1.2204514,1.4343538,1.6317749,1.8140776,59,0.9999975192811238
0.9798865822597128,190.8767527120156,189.2469436849393,6.9,4.1,0.33192396,0.51601934,0.7510686,0.9677491,1.1762404,1.374208,1.5631285,1.7426271,59,0.9830585345424896
0.9608680724106158,158.68458376321925,60.97908393254499,7.0,3.8,0.36836314,0.6733997,0.9905002,1.2873275,1.5662024,1.8271115,2.0692065,2.2940433,59,0.9999996603725333
0.8877464501395798,186.97490162319383,148.80290335037083,4.5,2.2,0.19562364,0.33190727,0.47824144,0.61873126,0.75149703,0.8784957,0.99866486,1.112725,59,0.9832771797123829
0.9793464016003296,152.95709348402278,71.34781562767012,5.2,2.5,0.2577088,0.45972657,0.67525935,0.87873554,1.0717134,1.253741,1.4241805,1.5837512,59,0.9999999997890221
0.9995809262335688,109.31590791773336,175.969616857367,5.7,2.0,0.21593404,0.41317868,0.61413074,0.8076978,0.9930413,1.1678543,1.3318751,1.484757,59,0.8949043549290545
0.93856305843577,210.15689246426425,39.19444867211443,4.2,2.6,0.2270124,0.37271452,0.53767824,0.6958401,0.84412885,0.9862306,1.1214187,1.2494636,59,0.974783118070616
0.9494104761516282,167.0172154194246,142.79212617786564,5.3,2.4,0.22398615,0.3891163,0.5680773,0.7378373,0.9008553,1.0564523,1.2041075,1.3438807,59,0.99988067141283
